[(40.2268,), (116.238,), (31.2363,), (121.48,)],
[(40.2268,), (116.238,), (23.4096,), (113.227,)],
[(40.2268,), (116.238,), (22.5492,), (114.065,)],
[(40.2268,), (116.238,), (30.5986,), (114.312,)],
[(40.2268,), (116.238,), (34.3494,), (108.946,)],
[(40.2268,), (116.238,), (30.2519,), (120.216,)],
[(40.2268,), (116.238,), (32.0666,), (118.803,)],
[(40.2268,), (116.238,), (30.579,), (104.073,)],
[(40.2268,), (116.238,), (29.57,), (106.557,)],
[(40.2268,), (116.238,), (23.0273,), (113.758,)],
[(40.2268,), (116.238,), (38.9197,), (121.621,)],
[(40.2268,), (116.238,), (41.6837,), (123.471,)],
[(40.2268,), (116.238,), (31.306,), (120.592,)],
[(40.2268,), (116.238,), (24.8878,), (102.84,)],
[(40.2268,), (116.238,), (28.2345,), (112.945,)],
[(40.2268,), (116.238,), (31.827,), (117.234,)],
[(40.2268,), (116.238,), (29.866,), (121.631,)],
[(40.2268,), (116.238,), (34.7526,), (113.632,)],
[(40.2268,), (116.238,), (39.0911,), (117.208,)],
[(40.2268,), (116.238,), (36.073,), (120.389,)],
[(40.2268,), (116.238,), (43.8228,), (125.33,)],
[(40.2268,), (116.238,), (45.8086,), (126.542,)],
[(40.2268,), (116.238,), (36.6584,), (117.127,)],
[(40.2268,), (116.238,), (24.486,), (118.096,)],
[(40.2268,), (116.238,), (31.4974,), (120.319,)],
[(40.2268,), (116.238,), (31.8174,), (119.981,)],
[(40.2268,), (116.238,), (23.0272,), (113.128,)],
[(40.2268,), (116.238,), (22.2812,), (114.179,)],
[(40.2268,), (116.238,), (22.1971,), (113.551,)],
[(40.2268,), (116.238,), (31.9869,), (120.901,)],
[(40.2268,), (116.238,), (36.8198,), (118.062,)],
[(40.2268,), (116.238,), (24.8812,), (118.682,)],
[(40.2268,), (116.238,), (26.0806,), (119.303,)],
[(40.2268,), (116.238,), (26.6524,), (106.635,)],
[(40.2268,), (116.238,), (22.8238,), (108.373,)],
[(40.2268,), (116.238,), (38.0483,), (114.521,)],
[(40.2268,), (116.238,), (39.6369,), (118.187,)],
[(40.2268,), (116.238,), (37.8769,), (112.556,)],
[(40.2268,), (116.238,), (37.4709,), (121.454,)],
[(40.2268,), (116.238,), (37.5191,), (122.127,)],
[(40.2268,), (116.238,), (43.8316,), (87.6233,)],
[(40.2268,), (116.238,), (40.8481,), (111.755,)],
[(40.2268,), (116.238,), (36.0667,), (103.841,)],
[(40.2268,), (116.238,), (36.6232,), (101.785,)],
[(40.2268,), (116.238,), (38.4779,), (106.265,)],
[(40.2268,), (116.238,), (34.21,), (117.29,)],
[(40.2268,), (116.238,), (29.6595,), (91.1785,)],
[(40.2268,), (116.238,), (28.6887,), (115.865,)],
[(40.2268,), (116.238,), (25.2418,), (110.186,)],
[(40.2268,), (116.238,), (31.3589,), (118.439,)],
[(40.2268,), (116.238,), (20.0521,), (110.207,)],
[(40.2268,), (116.238,), (18.2587,), (109.519,)],
[(40.2268,), (116.238,), (36.2063,), (117.093,)],
[(40.2268,), (116.238,), (29.1228,), (110.486,)],
[(40.2268,), (116.238,), (29.2745,), (117.185,)],
[(31.2363,), (121.48,), (23.4096,), (113.227,)],
[(31.2363,), (121.48,), (22.5492,), (114.065,)],
[(31.2363,), (121.48,), (30.5986,), (114.312,)],
[(31.2363,), (121.48,), (34.3494,), (108.946,)],
[(31.2363,), (121.48,), (30.2519,), (120.216,)],
[(31.2363,), (121.48,), (32.0666,), (118.803,)],
[(31.2363,), (121.48,), (30.579,), (104.073,)],
[(31.2363,), (121.48,), (29.57,), (106.557,)],
[(31.2363,), (121.48,), (23.0273,), (113.758,)],
[(31.2363,), (121.48,), (38.9197,), (121.621,)],
[(31.2363,), (121.48,), (41.6837,), (123.471,)],
[(31.2363,), (121.48,), (31.306,), (120.592,)],
[(31.2363,), (121.48,), (24.8878,), (102.84,)],
[(31.2363,), (121.48,), (28.2345,), (112.945,)],
[(31.2363,), (121.48,), (31.827,), (117.234,)],
[(31.2363,), (121.48,), (29.866,), (121.631,)],
[(31.2363,), (121.48,), (34.7526,), (113.632,)],
[(31.2363,), (121.48,), (39.0911,), (117.208,)],
[(31.2363,), (121.48,), (36.073,), (120.389,)],
[(31.2363,), (121.48,), (43.8228,), (125.33,)],
[(31.2363,), (121.48,), (45.8086,), (126.542,)],
[(31.2363,), (121.48,), (36.6584,), (117.127,)],
[(31.2363,), (121.48,), (24.486,), (118.096,)],
[(31.2363,), (121.48,), (31.4974,), (120.319,)],
[(31.2363,), (121.48,), (31.8174,), (119.981,)],
[(31.2363,), (121.48,), (23.0272,), (113.128,)],
[(31.2363,), (121.48,), (22.2812,), (114.179,)],
[(31.2363,), (121.48,), (22.1971,), (113.551,)],
[(31.2363,), (121.48,), (31.9869,), (120.901,)],
[(31.2363,), (121.48,), (36.8198,), (118.062,)],
[(31.2363,), (121.48,), (24.8812,), (118.682,)],
[(31.2363,), (121.48,), (26.0806,), (119.303,)],
[(31.2363,), (121.48,), (26.6524,), (106.635,)],
[(31.2363,), (121.48,), (22.8238,), (108.373,)],
[(31.2363,), (121.48,), (38.0483,), (114.521,)],
[(31.2363,), (121.48,), (39.6369,), (118.187,)],
[(31.2363,), (121.48,), (37.8769,), (112.556,)],
[(31.2363,), (121.48,), (37.4709,), (121.454,)],
[(31.2363,), (121.48,), (37.5191,), (122.127,)],
[(31.2363,), (121.48,), (43.8316,), (87.6233,)],
[(31.2363,), (121.48,), (40.8481,), (111.755,)],
[(31.2363,), (121.48,), (36.0667,), (103.841,)],
[(31.2363,), (121.48,), (36.6232,), (101.785,)],
[(31.2363,), (121.48,), (38.4779,), (106.265,)],
[(31.2363,), (121.48,), (34.21,), (117.29,)],
[(31.2363,), (121.48,), (29.6595,), (91.1785,)],
[(31.2363,), (121.48,), (28.6887,), (115.865,)],
[(31.2363,), (121.48,), (25.2418,), (110.186,)],
[(31.2363,), (121.48,), (31.3589,), (118.439,)],
[(31.2363,), (121.48,), (20.0521,), (110.207,)],
[(31.2363,), (121.48,), (18.2587,), (109.519,)],
[(31.2363,), (121.48,), (36.2063,), (117.093,)],
[(31.2363,), (121.48,), (29.1228,), (110.486,)],
[(31.2363,), (121.48,), (29.2745,), (117.185,)],
[(23.4096,), (113.227,), (22.5492,), (114.065,)],
[(23.4096,), (113.227,), (30.5986,), (114.312,)],
[(23.4096,), (113.227,), (34.3494,), (108.946,)],
[(23.4096,), (113.227,), (30.2519,), (120.216,)],
[(23.4096,), (113.227,), (32.0666,), (118.803,)],
[(23.4096,), (113.227,), (30.579,), (104.073,)],
[(23.4096,), (113.227,), (29.57,), (106.557,)],
[(23.4096,), (113.227,), (23.0273,), (113.758,)],
[(23.4096,), (113.227,), (38.9197,), (121.621,)],
[(23.4096,), (113.227,), (41.6837,), (123.471,)],
[(23.4096,), (113.227,), (31.306,), (120.592,)],
[(23.4096,), (113.227,), (24.8878,), (102.84,)],
[(23.4096,), (113.227,), (28.2345,), (112.945,)],
[(23.4096,), (113.227,), (31.827,), (117.234,)],
[(23.4096,), (113.227,), (29.866,), (121.631,)],
[(23.4096,), (113.227,), (34.7526,), (113.632,)],
[(23.4096,), (113.227,), (39.0911,), (117.208,)],
[(23.4096,), (113.227,), (36.073,), (120.389,)],
[(23.4096,), (113.227,), (43.8228,), (125.33,)],
[(23.4096,), (113.227,), (45.8086,), (126.542,)],
[(23.4096,), (113.227,), (36.6584,), (117.127,)],
[(23.4096,), (113.227,), (24.486,), (118.096,)],
[(23.4096,), (113.227,), (31.4974,), (120.319,)],
[(23.4096,), (113.227,), (31.8174,), (119.981,)],
[(23.4096,), (113.227,), (23.0272,), (113.128,)],
[(23.4096,), (113.227,), (22.2812,), (114.179,)],
[(23.4096,), (113.227,), (22.1971,), (113.551,)],
[(23.4096,), (113.227,), (31.9869,), (120.901,)],
[(23.4096,), (113.227,), (36.8198,), (118.062,)],
[(23.4096,), (113.227,), (24.8812,), (118.682,)],
[(23.4096,), (113.227,), (26.0806,), (119.303,)],
[(23.4096,), (113.227,), (26.6524,), (106.635,)],
[(23.4096,), (113.227,), (22.8238,), (108.373,)],
[(23.4096,), (113.227,), (38.0483,), (114.521,)],
[(23.4096,), (113.227,), (39.6369,), (118.187,)],
[(23.4096,), (113.227,), (37.8769,), (112.556,)],
[(23.4096,), (113.227,), (37.4709,), (121.454,)],
[(23.4096,), (113.227,), (37.5191,), (122.127,)],
[(23.4096,), (113.227,), (43.8316,), (87.6233,)],
[(23.4096,), (113.227,), (40.8481,), (111.755,)],
[(23.4096,), (113.227,), (36.0667,), (103.841,)],
[(23.4096,), (113.227,), (36.6232,), (101.785,)],
[(23.4096,), (113.227,), (38.4779,), (106.265,)],
[(23.4096,), (113.227,), (34.21,), (117.29,)],
[(23.4096,), (113.227,), (29.6595,), (91.1785,)],
[(23.4096,), (113.227,), (28.6887,), (115.865,)],
[(23.4096,), (113.227,), (25.2418,), (110.186,)],
[(23.4096,), (113.227,), (31.3589,), (118.439,)],
[(23.4096,), (113.227,), (20.0521,), (110.207,)],
[(23.4096,), (113.227,), (18.2587,), (109.519,)],
[(23.4096,), (113.227,), (36.2063,), (117.093,)],
[(23.4096,), (113.227,), (29.1228,), (110.486,)],
[(23.4096,), (113.227,), (29.2745,), (117.185,)],
[(22.5492,), (114.065,), (30.5986,), (114.312,)],
[(22.5492,), (114.065,), (34.3494,), (108.946,)],
[(22.5492,), (114.065,), (30.2519,), (120.216,)],
[(22.5492,), (114.065,), (32.0666,), (118.803,)],
[(22.5492,), (114.065,), (30.579,), (104.073,)],
[(22.5492,), (114.065,), (29.57,), (106.557,)],
[(22.5492,), (114.065,), (23.0273,), (113.758,)],
[(22.5492,), (114.065,), (38.9197,), (121.621,)],
[(22.5492,), (114.065,), (41.6837,), (123.471,)],
[(22.5492,), (114.065,), (31.306,), (120.592,)],
[(22.5492,), (114.065,), (24.8878,), (102.84,)],
[(22.5492,), (114.065,), (28.2345,), (112.945,)],
[(22.5492,), (114.065,), (31.827,), (117.234,)],
[(22.5492,), (114.065,), (29.866,), (121.631,)],
[(22.5492,), (114.065,), (34.7526,), (113.632,)],
[(22.5492,), (114.065,), (39.0911,), (117.208,)],
[(22.5492,), (114.065,), (36.073,), (120.389,)],
[(22.5492,), (114.065,), (43.8228,), (125.33,)],
[(22.5492,), (114.065,), (45.8086,), (126.542,)],
[(22.5492,), (114.065,), (36.6584,), (117.127,)],
[(22.5492,), (114.065,), (24.486,), (118.096,)],
[(22.5492,), (114.065,), (31.4974,), (120.319,)],
[(22.5492,), (114.065,), (31.8174,), (119.981,)],
[(22.5492,), (114.065,), (23.0272,), (113.128,)],
[(22.5492,), (114.065,), (22.2812,), (114.179,)],
[(22.5492,), (114.065,), (22.1971,), (113.551,)],
[(22.5492,), (114.065,), (31.9869,), (120.901,)],
[(22.5492,), (114.065,), (36.8198,), (118.062,)],
[(22.5492,), (114.065,), (24.8812,), (118.682,)],
[(22.5492,), (114.065,), (26.0806,), (119.303,)],
[(22.5492,), (114.065,), (26.6524,), (106.635,)],
[(22.5492,), (114.065,), (22.8238,), (108.373,)],
[(22.5492,), (114.065,), (38.0483,), (114.521,)],
[(22.5492,), (114.065,), (39.6369,), (118.187,)],
[(22.5492,), (114.065,), (37.8769,), (112.556,)],
[(22.5492,), (114.065,), (37.4709,), (121.454,)],
[(22.5492,), (114.065,), (37.5191,), (122.127,)],
[(22.5492,), (114.065,), (43.8316,), (87.6233,)],
[(22.5492,), (114.065,), (40.8481,), (111.755,)],
[(22.5492,), (114.065,), (36.0667,), (103.841,)],
[(22.5492,), (114.065,), (36.6232,), (101.785,)],
[(22.5492,), (114.065,), (38.4779,), (106.265,)],
[(22.5492,), (114.065,), (34.21,), (117.29,)],
[(22.5492,), (114.065,), (29.6595,), (91.1785,)],
[(22.5492,), (114.065,), (28.6887,), (115.865,)],
[(22.5492,), (114.065,), (25.2418,), (110.186,)],
[(22.5492,), (114.065,), (31.3589,), (118.439,)],
[(22.5492,), (114.065,), (20.0521,), (110.207,)],
[(22.5492,), (114.065,), (18.2587,), (109.519,)],
[(22.5492,), (114.065,), (36.2063,), (117.093,)],
[(22.5492,), (114.065,), (29.1228,), (110.486,)],
[(22.5492,), (114.065,), (29.2745,), (117.185,)],
[(30.5986,), (114.312,), (34.3494,), (108.946,)],
[(30.5986,), (114.312,), (30.2519,), (120.216,)],
[(30.5986,), (114.312,), (32.0666,), (118.803,)],
[(30.5986,), (114.312,), (30.579,), (104.073,)],
[(30.5986,), (114.312,), (29.57,), (106.557,)],
[(30.5986,), (114.312,), (23.0273,), (113.758,)],
[(30.5986,), (114.312,), (38.9197,), (121.621,)],
[(30.5986,), (114.312,), (41.6837,), (123.471,)],
[(30.5986,), (114.312,), (31.306,), (120.592,)],
[(30.5986,), (114.312,), (24.8878,), (102.84,)],
[(30.5986,), (114.312,), (28.2345,), (112.945,)],
[(30.5986,), (114.312,), (31.827,), (117.234,)],
[(30.5986,), (114.312,), (29.866,), (121.631,)],
[(30.5986,), (114.312,), (34.7526,), (113.632,)],
[(30.5986,), (114.312,), (39.0911,), (117.208,)],
[(30.5986,), (114.312,), (36.073,), (120.389,)],
[(30.5986,), (114.312,), (43.8228,), (125.33,)],
[(30.5986,), (114.312,), (45.8086,), (126.542,)],
[(30.5986,), (114.312,), (36.6584,), (117.127,)],
[(30.5986,), (114.312,), (24.486,), (118.096,)],
[(30.5986,), (114.312,), (31.4974,), (120.319,)],
[(30.5986,), (114.312,), (31.8174,), (119.981,)],
[(30.5986,), (114.312,), (23.0272,), (113.128,)],
[(30.5986,), (114.312,), (22.2812,), (114.179,)],
[(30.5986,), (114.312,), (22.1971,), (113.551,)],
[(30.5986,), (114.312,), (31.9869,), (120.901,)],
[(30.5986,), (114.312,), (36.8198,), (118.062,)],
[(30.5986,), (114.312,), (24.8812,), (118.682,)],
[(30.5986,), (114.312,), (26.0806,), (119.303,)],
[(30.5986,), (114.312,), (26.6524,), (106.635,)],
[(30.5986,), (114.312,), (22.8238,), (108.373,)],
[(30.5986,), (114.312,), (38.0483,), (114.521,)],
[(30.5986,), (114.312,), (39.6369,), (118.187,)],
[(30.5986,), (114.312,), (37.8769,), (112.556,)],
[(30.5986,), (114.312,), (37.4709,), (121.454,)],
[(30.5986,), (114.312,), (37.5191,), (122.127,)],
[(30.5986,), (114.312,), (43.8316,), (87.6233,)],
[(30.5986,), (114.312,), (40.8481,), (111.755,)],
[(30.5986,), (114.312,), (36.0667,), (103.841,)],
[(30.5986,), (114.312,), (36.6232,), (101.785,)],
[(30.5986,), (114.312,), (38.4779,), (106.265,)],
[(30.5986,), (114.312,), (34.21,), (117.29,)],
[(30.5986,), (114.312,), (29.6595,), (91.1785,)],
[(30.5986,), (114.312,), (28.6887,), (115.865,)],
[(30.5986,), (114.312,), (25.2418,), (110.186,)],
[(30.5986,), (114.312,), (31.3589,), (118.439,)],
[(30.5986,), (114.312,), (20.0521,), (110.207,)],
[(30.5986,), (114.312,), (18.2587,), (109.519,)],
[(30.5986,), (114.312,), (36.2063,), (117.093,)],
[(30.5986,), (114.312,), (29.1228,), (110.486,)],
[(30.5986,), (114.312,), (29.2745,), (117.185,)],
[(34.3494,), (108.946,), (30.2519,), (120.216,)],
[(34.3494,), (108.946,), (32.0666,), (118.803,)],
[(34.3494,), (108.946,), (30.579,), (104.073,)],
[(34.3494,), (108.946,), (29.57,), (106.557,)],
[(34.3494,), (108.946,), (23.0273,), (113.758,)],
[(34.3494,), (108.946,), (38.9197,), (121.621,)],
[(34.3494,), (108.946,), (41.6837,), (123.471,)],
[(34.3494,), (108.946,), (31.306,), (120.592,)],
[(34.3494,), (108.946,), (24.8878,), (102.84,)],
[(34.3494,), (108.946,), (28.2345,), (112.945,)],
[(34.3494,), (108.946,), (31.827,), (117.234,)],
[(34.3494,), (108.946,), (29.866,), (121.631,)],
[(34.3494,), (108.946,), (34.7526,), (113.632,)],
[(34.3494,), (108.946,), (39.0911,), (117.208,)],
[(34.3494,), (108.946,), (36.073,), (120.389,)],
[(34.3494,), (108.946,), (43.8228,), (125.33,)],
[(34.3494,), (108.946,), (45.8086,), (126.542,)],
[(34.3494,), (108.946,), (36.6584,), (117.127,)],
[(34.3494,), (108.946,), (24.486,), (118.096,)],
[(34.3494,), (108.946,), (31.4974,), (120.319,)],
[(34.3494,), (108.946,), (31.8174,), (119.981,)],
[(34.3494,), (108.946,), (23.0272,), (113.128,)],
[(34.3494,), (108.946,), (22.2812,), (114.179,)],
[(34.3494,), (108.946,), (22.1971,), (113.551,)],
[(34.3494,), (108.946,), (31.9869,), (120.901,)],
[(34.3494,), (108.946,), (36.8198,), (118.062,)],
[(34.3494,), (108.946,), (24.8812,), (118.682,)],
[(34.3494,), (108.946,), (26.0806,), (119.303,)],
[(34.3494,), (108.946,), (26.6524,), (106.635,)],
[(34.3494,), (108.946,), (22.8238,), (108.373,)],
[(34.3494,), (108.946,), (38.0483,), (114.521,)],
[(34.3494,), (108.946,), (39.6369,), (118.187,)],
[(34.3494,), (108.946,), (37.8769,), (112.556,)],
[(34.3494,), (108.946,), (37.4709,), (121.454,)],
[(34.3494,), (108.946,), (37.5191,), (122.127,)],
[(34.3494,), (108.946,), (43.8316,), (87.6233,)],
[(34.3494,), (108.946,), (40.8481,), (111.755,)],
[(34.3494,), (108.946,), (36.0667,), (103.841,)],
[(34.3494,), (108.946,), (36.6232,), (101.785,)],
[(34.3494,), (108.946,), (38.4779,), (106.265,)],
[(34.3494,), (108.946,), (34.21,), (117.29,)],
[(34.3494,), (108.946,), (29.6595,), (91.1785,)],
[(34.3494,), (108.946,), (28.6887,), (115.865,)],
[(34.3494,), (108.946,), (25.2418,), (110.186,)],
[(34.3494,), (108.946,), (31.3589,), (118.439,)],
[(34.3494,), (108.946,), (20.0521,), (110.207,)],
[(34.3494,), (108.946,), (18.2587,), (109.519,)],
[(34.3494,), (108.946,), (36.2063,), (117.093,)],
[(34.3494,), (108.946,), (29.1228,), (110.486,)],
[(34.3494,), (108.946,), (29.2745,), (117.185,)],
[(30.2519,), (120.216,), (32.0666,), (118.803,)],
[(30.2519,), (120.216,), (30.579,), (104.073,)],
[(30.2519,), (120.216,), (29.57,), (106.557,)],
[(30.2519,), (120.216,), (23.0273,), (113.758,)],
[(30.2519,), (120.216,), (38.9197,), (121.621,)],
[(30.2519,), (120.216,), (41.6837,), (123.471,)],
[(30.2519,), (120.216,), (31.306,), (120.592,)],
[(30.2519,), (120.216,), (24.8878,), (102.84,)],
[(30.2519,), (120.216,), (28.2345,), (112.945,)],
[(30.2519,), (120.216,), (31.827,), (117.234,)],
[(30.2519,), (120.216,), (29.866,), (121.631,)],
[(30.2519,), (120.216,), (34.7526,), (113.632,)],
[(30.2519,), (120.216,), (39.0911,), (117.208,)],
[(30.2519,), (120.216,), (36.073,), (120.389,)],
[(30.2519,), (120.216,), (43.8228,), (125.33,)],
[(30.2519,), (120.216,), (45.8086,), (126.542,)],
[(30.2519,), (120.216,), (36.6584,), (117.127,)],
[(30.2519,), (120.216,), (24.486,), (118.096,)],
[(30.2519,), (120.216,), (31.4974,), (120.319,)],
[(30.2519,), (120.216,), (31.8174,), (119.981,)],
[(30.2519,), (120.216,), (23.0272,), (113.128,)],
[(30.2519,), (120.216,), (22.2812,), (114.179,)],
[(30.2519,), (120.216,), (22.1971,), (113.551,)],
[(30.2519,), (120.216,), (31.9869,), (120.901,)],
[(30.2519,), (120.216,), (36.8198,), (118.062,)],
[(30.2519,), (120.216,), (24.8812,), (118.682,)],
[(30.2519,), (120.216,), (26.0806,), (119.303,)],
[(30.2519,), (120.216,), (26.6524,), (106.635,)],
[(30.2519,), (120.216,), (22.8238,), (108.373,)],
[(30.2519,), (120.216,), (38.0483,), (114.521,)],
[(30.2519,), (120.216,), (39.6369,), (118.187,)],
[(30.2519,), (120.216,), (37.8769,), (112.556,)],
[(30.2519,), (120.216,), (37.4709,), (121.454,)],
[(30.2519,), (120.216,), (37.5191,), (122.127,)],
[(30.2519,), (120.216,), (43.8316,), (87.6233,)],
[(30.2519,), (120.216,), (40.8481,), (111.755,)],
[(30.2519,), (120.216,), (36.0667,), (103.841,)],
[(30.2519,), (120.216,), (36.6232,), (101.785,)],
[(30.2519,), (120.216,), (38.4779,), (106.265,)],
[(30.2519,), (120.216,), (34.21,), (117.29,)],
[(30.2519,), (120.216,), (29.6595,), (91.1785,)],
[(30.2519,), (120.216,), (28.6887,), (115.865,)],
[(30.2519,), (120.216,), (25.2418,), (110.186,)],
[(30.2519,), (120.216,), (31.3589,), (118.439,)],
[(30.2519,), (120.216,), (20.0521,), (110.207,)],
[(30.2519,), (120.216,), (18.2587,), (109.519,)],
[(30.2519,), (120.216,), (36.2063,), (117.093,)],
[(30.2519,), (120.216,), (29.1228,), (110.486,)],
[(30.2519,), (120.216,), (29.2745,), (117.185,)],
[(32.0666,), (118.803,), (30.579,), (104.073,)],
[(32.0666,), (118.803,), (29.57,), (106.557,)],
[(32.0666,), (118.803,), (23.0273,), (113.758,)],
[(32.0666,), (118.803,), (38.9197,), (121.621,)],
[(32.0666,), (118.803,), (41.6837,), (123.471,)],
[(32.0666,), (118.803,), (31.306,), (120.592,)],
[(32.0666,), (118.803,), (24.8878,), (102.84,)],
[(32.0666,), (118.803,), (28.2345,), (112.945,)],
[(32.0666,), (118.803,), (31.827,), (117.234,)],
[(32.0666,), (118.803,), (29.866,), (121.631,)],
[(32.0666,), (118.803,), (34.7526,), (113.632,)],
[(32.0666,), (118.803,), (39.0911,), (117.208,)],
[(32.0666,), (118.803,), (36.073,), (120.389,)],
[(32.0666,), (118.803,), (43.8228,), (125.33,)],
[(32.0666,), (118.803,), (45.8086,), (126.542,)],
[(32.0666,), (118.803,), (36.6584,), (117.127,)],
[(32.0666,), (118.803,), (24.486,), (118.096,)],
[(32.0666,), (118.803,), (31.4974,), (120.319,)],
[(32.0666,), (118.803,), (31.8174,), (119.981,)],
[(32.0666,), (118.803,), (23.0272,), (113.128,)],
[(32.0666,), (118.803,), (22.2812,), (114.179,)],
[(32.0666,), (118.803,), (22.1971,), (113.551,)],
[(32.0666,), (118.803,), (31.9869,), (120.901,)],
[(32.0666,), (118.803,), (36.8198,), (118.062,)],
[(32.0666,), (118.803,), (24.8812,), (118.682,)],
[(32.0666,), (118.803,), (26.0806,), (119.303,)],
[(32.0666,), (118.803,), (26.6524,), (106.635,)],
[(32.0666,), (118.803,), (22.8238,), (108.373,)],
[(32.0666,), (118.803,), (38.0483,), (114.521,)],
[(32.0666,), (118.803,), (39.6369,), (118.187,)],
[(32.0666,), (118.803,), (37.8769,), (112.556,)],
[(32.0666,), (118.803,), (37.4709,), (121.454,)],
[(32.0666,), (118.803,), (37.5191,), (122.127,)],
[(32.0666,), (118.803,), (43.8316,), (87.6233,)],
[(32.0666,), (118.803,), (40.8481,), (111.755,)],
[(32.0666,), (118.803,), (36.0667,), (103.841,)],
[(32.0666,), (118.803,), (36.6232,), (101.785,)],
[(32.0666,), (118.803,), (38.4779,), (106.265,)],
[(32.0666,), (118.803,), (34.21,), (117.29,)],
[(32.0666,), (118.803,), (29.6595,), (91.1785,)],
[(32.0666,), (118.803,), (28.6887,), (115.865,)],
[(32.0666,), (118.803,), (25.2418,), (110.186,)],
[(32.0666,), (118.803,), (31.3589,), (118.439,)],
[(32.0666,), (118.803,), (20.0521,), (110.207,)],
[(32.0666,), (118.803,), (18.2587,), (109.519,)],
[(32.0666,), (118.803,), (36.2063,), (117.093,)],
[(32.0666,), (118.803,), (29.1228,), (110.486,)],
[(32.0666,), (118.803,), (29.2745,), (117.185,)],
[(30.579,), (104.073,), (29.57,), (106.557,)],
[(30.579,), (104.073,), (23.0273,), (113.758,)],
[(30.579,), (104.073,), (38.9197,), (121.621,)],
[(30.579,), (104.073,), (41.6837,), (123.471,)],
[(30.579,), (104.073,), (31.306,), (120.592,)],
[(30.579,), (104.073,), (24.8878,), (102.84,)],
[(30.579,), (104.073,), (28.2345,), (112.945,)],
[(30.579,), (104.073,), (31.827,), (117.234,)],
[(30.579,), (104.073,), (29.866,), (121.631,)],
[(30.579,), (104.073,), (34.7526,), (113.632,)],
[(30.579,), (104.073,), (39.0911,), (117.208,)],
[(30.579,), (104.073,), (36.073,), (120.389,)],
[(30.579,), (104.073,), (43.8228,), (125.33,)],
[(30.579,), (104.073,), (45.8086,), (126.542,)],
[(30.579,), (104.073,), (36.6584,), (117.127,)],
[(30.579,), (104.073,), (24.486,), (118.096,)],
[(30.579,), (104.073,), (31.4974,), (120.319,)],
[(30.579,), (104.073,), (31.8174,), (119.981,)],
[(30.579,), (104.073,), (23.0272,), (113.128,)],
[(30.579,), (104.073,), (22.2812,), (114.179,)],
[(30.579,), (104.073,), (22.1971,), (113.551,)],
[(30.579,), (104.073,), (31.9869,), (120.901,)],
[(30.579,), (104.073,), (36.8198,), (118.062,)],
[(30.579,), (104.073,), (24.8812,), (118.682,)],
[(30.579,), (104.073,), (26.0806,), (119.303,)],
[(30.579,), (104.073,), (26.6524,), (106.635,)],
[(30.579,), (104.073,), (22.8238,), (108.373,)],
[(30.579,), (104.073,), (38.0483,), (114.521,)],
[(30.579,), (104.073,), (39.6369,), (118.187,)],
[(30.579,), (104.073,), (37.8769,), (112.556,)],
[(30.579,), (104.073,), (37.4709,), (121.454,)],
[(30.579,), (104.073,), (37.5191,), (122.127,)],
[(30.579,), (104.073,), (43.8316,), (87.6233,)],
[(30.579,), (104.073,), (40.8481,), (111.755,)],
[(30.579,), (104.073,), (36.0667,), (103.841,)],
[(30.579,), (104.073,), (36.6232,), (101.785,)],
[(30.579,), (104.073,), (38.4779,), (106.265,)],
[(30.579,), (104.073,), (34.21,), (117.29,)],
[(30.579,), (104.073,), (29.6595,), (91.1785,)],
[(30.579,), (104.073,), (28.6887,), (115.865,)],
[(30.579,), (104.073,), (25.2418,), (110.186,)],
[(30.579,), (104.073,), (31.3589,), (118.439,)],
[(30.579,), (104.073,), (20.0521,), (110.207,)],
[(30.579,), (104.073,), (18.2587,), (109.519,)],
[(30.579,), (104.073,), (36.2063,), (117.093,)],
[(30.579,), (104.073,), (29.1228,), (110.486,)],
[(30.579,), (104.073,), (29.2745,), (117.185,)],
[(29.57,), (106.557,), (23.0273,), (113.758,)],
[(29.57,), (106.557,), (38.9197,), (121.621,)],
[(29.57,), (106.557,), (41.6837,), (123.471,)],
[(29.57,), (106.557,), (31.306,), (120.592,)],
[(29.57,), (106.557,), (24.8878,), (102.84,)],
[(29.57,), (106.557,), (28.2345,), (112.945,)],
[(29.57,), (106.557,), (31.827,), (117.234,)],
[(29.57,), (106.557,), (29.866,), (121.631,)],
[(29.57,), (106.557,), (34.7526,), (113.632,)],
[(29.57,), (106.557,), (39.0911,), (117.208,)],
[(29.57,), (106.557,), (36.073,), (120.389,)],
[(29.57,), (106.557,), (43.8228,), (125.33,)],
[(29.57,), (106.557,), (45.8086,), (126.542,)],
[(29.57,), (106.557,), (36.6584,), (117.127,)],
[(29.57,), (106.557,), (24.486,), (118.096,)],
[(29.57,), (106.557,), (31.4974,), (120.319,)],
[(29.57,), (106.557,), (31.8174,), (119.981,)],
[(29.57,), (106.557,), (23.0272,), (113.128,)],
[(29.57,), (106.557,), (22.2812,), (114.179,)],
[(29.57,), (106.557,), (22.1971,), (113.551,)],
[(29.57,), (106.557,), (31.9869,), (120.901,)],
[(29.57,), (106.557,), (36.8198,), (118.062,)],
[(29.57,), (106.557,), (24.8812,), (118.682,)],
[(29.57,), (106.557,), (26.0806,), (119.303,)],
[(29.57,), (106.557,), (26.6524,), (106.635,)],
[(29.57,), (106.557,), (22.8238,), (108.373,)],
[(29.57,), (106.557,), (38.0483,), (114.521,)],
[(29.57,), (106.557,), (39.6369,), (118.187,)],
[(29.57,), (106.557,), (37.8769,), (112.556,)],
[(29.57,), (106.557,), (37.4709,), (121.454,)],
[(29.57,), (106.557,), (37.5191,), (122.127,)],
[(29.57,), (106.557,), (43.8316,), (87.6233,)],
[(29.57,), (106.557,), (40.8481,), (111.755,)],
[(29.57,), (106.557,), (36.0667,), (103.841,)],
[(29.57,), (106.557,), (36.6232,), (101.785,)],
[(29.57,), (106.557,), (38.4779,), (106.265,)],
[(29.57,), (106.557,), (34.21,), (117.29,)],
[(29.57,), (106.557,), (29.6595,), (91.1785,)],
[(29.57,), (106.557,), (28.6887,), (115.865,)],
[(29.57,), (106.557,), (25.2418,), (110.186,)],
[(29.57,), (106.557,), (31.3589,), (118.439,)],
[(29.57,), (106.557,), (20.0521,), (110.207,)],
[(29.57,), (106.557,), (18.2587,), (109.519,)],
[(29.57,), (106.557,), (36.2063,), (117.093,)],
[(29.57,), (106.557,), (29.1228,), (110.486,)],
[(29.57,), (106.557,), (29.2745,), (117.185,)],
[(23.0273,), (113.758,), (38.9197,), (121.621,)],
[(23.0273,), (113.758,), (41.6837,), (123.471,)],
[(23.0273,), (113.758,), (31.306,), (120.592,)],
[(23.0273,), (113.758,), (24.8878,), (102.84,)],
[(23.0273,), (113.758,), (28.2345,), (112.945,)],
[(23.0273,), (113.758,), (31.827,), (117.234,)],
[(23.0273,), (113.758,), (29.866,), (121.631,)],
[(23.0273,), (113.758,), (34.7526,), (113.632,)],
[(23.0273,), (113.758,), (39.0911,), (117.208,)],
[(23.0273,), (113.758,), (36.073,), (120.389,)],
[(23.0273,), (113.758,), (43.8228,), (125.33,)],
[(23.0273,), (113.758,), (45.8086,), (126.542,)],
[(23.0273,), (113.758,), (36.6584,), (117.127,)],
[(23.0273,), (113.758,), (24.486,), (118.096,)],
[(23.0273,), (113.758,), (31.4974,), (120.319,)],
[(23.0273,), (113.758,), (31.8174,), (119.981,)],
[(23.0273,), (113.758,), (23.0272,), (113.128,)],
[(23.0273,), (113.758,), (22.2812,), (114.179,)],
[(23.0273,), (113.758,), (22.1971,), (113.551,)],
[(23.0273,), (113.758,), (31.9869,), (120.901,)],
[(23.0273,), (113.758,), (36.8198,), (118.062,)],
[(23.0273,), (113.758,), (24.8812,), (118.682,)],
[(23.0273,), (113.758,), (26.0806,), (119.303,)],
[(23.0273,), (113.758,), (26.6524,), (106.635,)],
[(23.0273,), (113.758,), (22.8238,), (108.373,)],
[(23.0273,), (113.758,), (38.0483,), (114.521,)],
[(23.0273,), (113.758,), (39.6369,), (118.187,)],
[(23.0273,), (113.758,), (37.8769,), (112.556,)],
[(23.0273,), (113.758,), (37.4709,), (121.454,)],
[(23.0273,), (113.758,), (37.5191,), (122.127,)],
[(23.0273,), (113.758,), (43.8316,), (87.6233,)],
[(23.0273,), (113.758,), (40.8481,), (111.755,)],
[(23.0273,), (113.758,), (36.0667,), (103.841,)],
[(23.0273,), (113.758,), (36.6232,), (101.785,)],
[(23.0273,), (113.758,), (38.4779,), (106.265,)],
[(23.0273,), (113.758,), (34.21,), (117.29,)],
[(23.0273,), (113.758,), (29.6595,), (91.1785,)],
[(23.0273,), (113.758,), (28.6887,), (115.865,)],
[(23.0273,), (113.758,), (25.2418,), (110.186,)],
[(23.0273,), (113.758,), (31.3589,), (118.439,)],
[(23.0273,), (113.758,), (20.0521,), (110.207,)],
[(23.0273,), (113.758,), (18.2587,), (109.519,)],
[(23.0273,), (113.758,), (36.2063,), (117.093,)],
[(23.0273,), (113.758,), (29.1228,), (110.486,)],
[(23.0273,), (113.758,), (29.2745,), (117.185,)],
[(38.9197,), (121.621,), (41.6837,), (123.471,)],
[(38.9197,), (121.621,), (31.306,), (120.592,)],
[(38.9197,), (121.621,), (24.8878,), (102.84,)],
[(38.9197,), (121.621,), (28.2345,), (112.945,)],
[(38.9197,), (121.621,), (31.827,), (117.234,)],
[(38.9197,), (121.621,), (29.866,), (121.631,)],
[(38.9197,), (121.621,), (34.7526,), (113.632,)],
[(38.9197,), (121.621,), (39.0911,), (117.208,)],
[(38.9197,), (121.621,), (36.073,), (120.389,)],
[(38.9197,), (121.621,), (43.8228,), (125.33,)],
[(38.9197,), (121.621,), (45.8086,), (126.542,)],
[(38.9197,), (121.621,), (36.6584,), (117.127,)],
[(38.9197,), (121.621,), (24.486,), (118.096,)],
[(38.9197,), (121.621,), (31.4974,), (120.319,)],
[(38.9197,), (121.621,), (31.8174,), (119.981,)],
[(38.9197,), (121.621,), (23.0272,), (113.128,)],
[(38.9197,), (121.621,), (22.2812,), (114.179,)],
[(38.9197,), (121.621,), (22.1971,), (113.551,)],
[(38.9197,), (121.621,), (31.9869,), (120.901,)],
[(38.9197,), (121.621,), (36.8198,), (118.062,)],
[(38.9197,), (121.621,), (24.8812,), (118.682,)],
[(38.9197,), (121.621,), (26.0806,), (119.303,)],
[(38.9197,), (121.621,), (26.6524,), (106.635,)],
[(38.9197,), (121.621,), (22.8238,), (108.373,)],
[(38.9197,), (121.621,), (38.0483,), (114.521,)],
[(38.9197,), (121.621,), (39.6369,), (118.187,)],
[(38.9197,), (121.621,), (37.8769,), (112.556,)],
[(38.9197,), (121.621,), (37.4709,), (121.454,)],
[(38.9197,), (121.621,), (37.5191,), (122.127,)],
[(38.9197,), (121.621,), (43.8316,), (87.6233,)],
[(38.9197,), (121.621,), (40.8481,), (111.755,)],
[(38.9197,), (121.621,), (36.0667,), (103.841,)],
[(38.9197,), (121.621,), (36.6232,), (101.785,)],
[(38.9197,), (121.621,), (38.4779,), (106.265,)],
[(38.9197,), (121.621,), (34.21,), (117.29,)],
[(38.9197,), (121.621,), (29.6595,), (91.1785,)],
[(38.9197,), (121.621,), (28.6887,), (115.865,)],
[(38.9197,), (121.621,), (25.2418,), (110.186,)],
[(38.9197,), (121.621,), (31.3589,), (118.439,)],
[(38.9197,), (121.621,), (20.0521,), (110.207,)],
[(38.9197,), (121.621,), (18.2587,), (109.519,)],
[(38.9197,), (121.621,), (36.2063,), (117.093,)],
[(38.9197,), (121.621,), (29.1228,), (110.486,)],
[(38.9197,), (121.621,), (29.2745,), (117.185,)],
[(41.6837,), (123.471,), (31.306,), (120.592,)],
[(41.6837,), (123.471,), (24.8878,), (102.84,)],
[(41.6837,), (123.471,), (28.2345,), (112.945,)],
[(41.6837,), (123.471,), (31.827,), (117.234,)],
[(41.6837,), (123.471,), (29.866,), (121.631,)],
[(41.6837,), (123.471,), (34.7526,), (113.632,)],
[(41.6837,), (123.471,), (39.0911,), (117.208,)],
[(41.6837,), (123.471,), (36.073,), (120.389,)],
[(41.6837,), (123.471,), (43.8228,), (125.33,)],
[(41.6837,), (123.471,), (45.8086,), (126.542,)],
[(41.6837,), (123.471,), (36.6584,), (117.127,)],
[(41.6837,), (123.471,), (24.486,), (118.096,)],
[(41.6837,), (123.471,), (31.4974,), (120.319,)],
[(41.6837,), (123.471,), (31.8174,), (119.981,)],
[(41.6837,), (123.471,), (23.0272,), (113.128,)],
[(41.6837,), (123.471,), (22.2812,), (114.179,)],
[(41.6837,), (123.471,), (22.1971,), (113.551,)],
[(41.6837,), (123.471,), (31.9869,), (120.901,)],
[(41.6837,), (123.471,), (36.8198,), (118.062,)],
[(41.6837,), (123.471,), (24.8812,), (118.682,)],
[(41.6837,), (123.471,), (26.0806,), (119.303,)],
[(41.6837,), (123.471,), (26.6524,), (106.635,)],
[(41.6837,), (123.471,), (22.8238,), (108.373,)],
[(41.6837,), (123.471,), (38.0483,), (114.521,)],
[(41.6837,), (123.471,), (39.6369,), (118.187,)],
[(41.6837,), (123.471,), (37.8769,), (112.556,)],
[(41.6837,), (123.471,), (37.4709,), (121.454,)],
[(41.6837,), (123.471,), (37.5191,), (122.127,)],
[(41.6837,), (123.471,), (43.8316,), (87.6233,)],
[(41.6837,), (123.471,), (40.8481,), (111.755,)],
[(41.6837,), (123.471,), (36.0667,), (103.841,)],
[(41.6837,), (123.471,), (36.6232,), (101.785,)],
[(41.6837,), (123.471,), (38.4779,), (106.265,)],
[(41.6837,), (123.471,), (34.21,), (117.29,)],
[(41.6837,), (123.471,), (29.6595,), (91.1785,)],
[(41.6837,), (123.471,), (28.6887,), (115.865,)],
[(41.6837,), (123.471,), (25.2418,), (110.186,)],
[(41.6837,), (123.471,), (31.3589,), (118.439,)],
[(41.6837,), (123.471,), (20.0521,), (110.207,)],
[(41.6837,), (123.471,), (18.2587,), (109.519,)],
[(41.6837,), (123.471,), (36.2063,), (117.093,)],
[(41.6837,), (123.471,), (29.1228,), (110.486,)],
[(41.6837,), (123.471,), (29.2745,), (117.185,)],
[(31.306,), (120.592,), (24.8878,), (102.84,)],
[(31.306,), (120.592,), (28.2345,), (112.945,)],
[(31.306,), (120.592,), (31.827,), (117.234,)],
[(31.306,), (120.592,), (29.866,), (121.631,)],
[(31.306,), (120.592,), (34.7526,), (113.632,)],
[(31.306,), (120.592,), (39.0911,), (117.208,)],
[(31.306,), (120.592,), (36.073,), (120.389,)],
[(31.306,), (120.592,), (43.8228,), (125.33,)],
[(31.306,), (120.592,), (45.8086,), (126.542,)],
[(31.306,), (120.592,), (36.6584,), (117.127,)],
[(31.306,), (120.592,), (24.486,), (118.096,)],
[(31.306,), (120.592,), (31.4974,), (120.319,)],
[(31.306,), (120.592,), (31.8174,), (119.981,)],
[(31.306,), (120.592,), (23.0272,), (113.128,)],
[(31.306,), (120.592,), (22.2812,), (114.179,)],
[(31.306,), (120.592,), (22.1971,), (113.551,)],
[(31.306,), (120.592,), (31.9869,), (120.901,)],
[(31.306,), (120.592,), (36.8198,), (118.062,)],
[(31.306,), (120.592,), (24.8812,), (118.682,)],
[(31.306,), (120.592,), (26.0806,), (119.303,)],
[(31.306,), (120.592,), (26.6524,), (106.635,)],
[(31.306,), (120.592,), (22.8238,), (108.373,)],
[(31.306,), (120.592,), (38.0483,), (114.521,)],
[(31.306,), (120.592,), (39.6369,), (118.187,)],
[(31.306,), (120.592,), (37.8769,), (112.556,)],
[(31.306,), (120.592,), (37.4709,), (121.454,)],
[(31.306,), (120.592,), (37.5191,), (122.127,)],
[(31.306,), (120.592,), (43.8316,), (87.6233,)],
[(31.306,), (120.592,), (40.8481,), (111.755,)],
[(31.306,), (120.592,), (36.0667,), (103.841,)],
[(31.306,), (120.592,), (36.6232,), (101.785,)],
[(31.306,), (120.592,), (38.4779,), (106.265,)],
[(31.306,), (120.592,), (34.21,), (117.29,)],
[(31.306,), (120.592,), (29.6595,), (91.1785,)],
[(31.306,), (120.592,), (28.6887,), (115.865,)],
[(31.306,), (120.592,), (25.2418,), (110.186,)],
[(31.306,), (120.592,), (31.3589,), (118.439,)],
[(31.306,), (120.592,), (20.0521,), (110.207,)],
[(31.306,), (120.592,), (18.2587,), (109.519,)],
[(31.306,), (120.592,), (36.2063,), (117.093,)],
[(31.306,), (120.592,), (29.1228,), (110.486,)],
[(31.306,), (120.592,), (29.2745,), (117.185,)],
[(24.8878,), (102.84,), (28.2345,), (112.945,)],
[(24.8878,), (102.84,), (31.827,), (117.234,)],
[(24.8878,), (102.84,), (29.866,), (121.631,)],
[(24.8878,), (102.84,), (34.7526,), (113.632,)],
[(24.8878,), (102.84,), (39.0911,), (117.208,)],
[(24.8878,), (102.84,), (36.073,), (120.389,)],
[(24.8878,), (102.84,), (43.8228,), (125.33,)],
[(24.8878,), (102.84,), (45.8086,), (126.542,)],
[(24.8878,), (102.84,), (36.6584,), (117.127,)],
[(24.8878,), (102.84,), (24.486,), (118.096,)],
[(24.8878,), (102.84,), (31.4974,), (120.319,)],
[(24.8878,), (102.84,), (31.8174,), (119.981,)],
[(24.8878,), (102.84,), (23.0272,), (113.128,)],
[(24.8878,), (102.84,), (22.2812,), (114.179,)],
[(24.8878,), (102.84,), (22.1971,), (113.551,)],
[(24.8878,), (102.84,), (31.9869,), (120.901,)],
[(24.8878,), (102.84,), (36.8198,), (118.062,)],
[(24.8878,), (102.84,), (24.8812,), (118.682,)],
[(24.8878,), (102.84,), (26.0806,), (119.303,)],
[(24.8878,), (102.84,), (26.6524,), (106.635,)],
[(24.8878,), (102.84,), (22.8238,), (108.373,)],
[(24.8878,), (102.84,), (38.0483,), (114.521,)],
[(24.8878,), (102.84,), (39.6369,), (118.187,)],
[(24.8878,), (102.84,), (37.8769,), (112.556,)],
[(24.8878,), (102.84,), (37.4709,), (121.454,)],
[(24.8878,), (102.84,), (37.5191,), (122.127,)],
[(24.8878,), (102.84,), (43.8316,), (87.6233,)],
[(24.8878,), (102.84,), (40.8481,), (111.755,)],
[(24.8878,), (102.84,), (36.0667,), (103.841,)],
[(24.8878,), (102.84,), (36.6232,), (101.785,)],
[(24.8878,), (102.84,), (38.4779,), (106.265,)],
[(24.8878,), (102.84,), (34.21,), (117.29,)],
[(24.8878,), (102.84,), (29.6595,), (91.1785,)],
[(24.8878,), (102.84,), (28.6887,), (115.865,)],
[(24.8878,), (102.84,), (25.2418,), (110.186,)],
[(24.8878,), (102.84,), (31.3589,), (118.439,)],
[(24.8878,), (102.84,), (20.0521,), (110.207,)],
[(24.8878,), (102.84,), (18.2587,), (109.519,)],
[(24.8878,), (102.84,), (36.2063,), (117.093,)],
[(24.8878,), (102.84,), (29.1228,), (110.486,)],
[(24.8878,), (102.84,), (29.2745,), (117.185,)],
[(28.2345,), (112.945,), (31.827,), (117.234,)],
[(28.2345,), (112.945,), (29.866,), (121.631,)],
[(28.2345,), (112.945,), (34.7526,), (113.632,)],
[(28.2345,), (112.945,), (39.0911,), (117.208,)],
[(28.2345,), (112.945,), (36.073,), (120.389,)],
[(28.2345,), (112.945,), (43.8228,), (125.33,)],
[(28.2345,), (112.945,), (45.8086,), (126.542,)],
[(28.2345,), (112.945,), (36.6584,), (117.127,)],
[(28.2345,), (112.945,), (24.486,), (118.096,)],
[(28.2345,), (112.945,), (31.4974,), (120.319,)],
[(28.2345,), (112.945,), (31.8174,), (119.981,)],
[(28.2345,), (112.945,), (23.0272,), (113.128,)],
[(28.2345,), (112.945,), (22.2812,), (114.179,)],
[(28.2345,), (112.945,), (22.1971,), (113.551,)],
[(28.2345,), (112.945,), (31.9869,), (120.901,)],
[(28.2345,), (112.945,), (36.8198,), (118.062,)],
[(28.2345,), (112.945,), (24.8812,), (118.682,)],
[(28.2345,), (112.945,), (26.0806,), (119.303,)],
[(28.2345,), (112.945,), (26.6524,), (106.635,)],
[(28.2345,), (112.945,), (22.8238,), (108.373,)],
[(28.2345,), (112.945,), (38.0483,), (114.521,)],
[(28.2345,), (112.945,), (39.6369,), (118.187,)],
[(28.2345,), (112.945,), (37.8769,), (112.556,)],
[(28.2345,), (112.945,), (37.4709,), (121.454,)],
[(28.2345,), (112.945,), (37.5191,), (122.127,)],
[(28.2345,), (112.945,), (43.8316,), (87.6233,)],
[(28.2345,), (112.945,), (40.8481,), (111.755,)],
[(28.2345,), (112.945,), (36.0667,), (103.841,)],
[(28.2345,), (112.945,), (36.6232,), (101.785,)],
[(28.2345,), (112.945,), (38.4779,), (106.265,)],
[(28.2345,), (112.945,), (34.21,), (117.29,)],
[(28.2345,), (112.945,), (29.6595,), (91.1785,)],
[(28.2345,), (112.945,), (28.6887,), (115.865,)],
[(28.2345,), (112.945,), (25.2418,), (110.186,)],
[(28.2345,), (112.945,), (31.3589,), (118.439,)],
[(28.2345,), (112.945,), (20.0521,), (110.207,)],
[(28.2345,), (112.945,), (18.2587,), (109.519,)],
[(28.2345,), (112.945,), (36.2063,), (117.093,)],
[(28.2345,), (112.945,), (29.1228,), (110.486,)],
[(28.2345,), (112.945,), (29.2745,), (117.185,)],
[(31.827,), (117.234,), (29.866,), (121.631,)],
[(31.827,), (117.234,), (34.7526,), (113.632,)],
[(31.827,), (117.234,), (39.0911,), (117.208,)],
[(31.827,), (117.234,), (36.073,), (120.389,)],
[(31.827,), (117.234,), (43.8228,), (125.33,)],
[(31.827,), (117.234,), (45.8086,), (126.542,)],
[(31.827,), (117.234,), (36.6584,), (117.127,)],
[(31.827,), (117.234,), (24.486,), (118.096,)],
[(31.827,), (117.234,), (31.4974,), (120.319,)],
[(31.827,), (117.234,), (31.8174,), (119.981,)],
[(31.827,), (117.234,), (23.0272,), (113.128,)],
[(31.827,), (117.234,), (22.2812,), (114.179,)],
[(31.827,), (117.234,), (22.1971,), (113.551,)],
[(31.827,), (117.234,), (31.9869,), (120.901,)],
[(31.827,), (117.234,), (36.8198,), (118.062,)],
[(31.827,), (117.234,), (24.8812,), (118.682,)],
[(31.827,), (117.234,), (26.0806,), (119.303,)],
[(31.827,), (117.234,), (26.6524,), (106.635,)],
[(31.827,), (117.234,), (22.8238,), (108.373,)],
[(31.827,), (117.234,), (38.0483,), (114.521,)],
[(31.827,), (117.234,), (39.6369,), (118.187,)],
[(31.827,), (117.234,), (37.8769,), (112.556,)],
[(31.827,), (117.234,), (37.4709,), (121.454,)],
[(31.827,), (117.234,), (37.5191,), (122.127,)],
[(31.827,), (117.234,), (43.8316,), (87.6233,)],
[(31.827,), (117.234,), (40.8481,), (111.755,)],
[(31.827,), (117.234,), (36.0667,), (103.841,)],
[(31.827,), (117.234,), (36.6232,), (101.785,)],
[(31.827,), (117.234,), (38.4779,), (106.265,)],
[(31.827,), (117.234,), (34.21,), (117.29,)],
[(31.827,), (117.234,), (29.6595,), (91.1785,)],
[(31.827,), (117.234,), (28.6887,), (115.865,)],
[(31.827,), (117.234,), (25.2418,), (110.186,)],
[(31.827,), (117.234,), (31.3589,), (118.439,)],
[(31.827,), (117.234,), (20.0521,), (110.207,)],
[(31.827,), (117.234,), (18.2587,), (109.519,)],
[(31.827,), (117.234,), (36.2063,), (117.093,)],
[(31.827,), (117.234,), (29.1228,), (110.486,)],
[(31.827,), (117.234,), (29.2745,), (117.185,)],
[(29.866,), (121.631,), (34.7526,), (113.632,)],
[(29.866,), (121.631,), (39.0911,), (117.208,)],
[(29.866,), (121.631,), (36.073,), (120.389,)],
[(29.866,), (121.631,), (43.8228,), (125.33,)],
[(29.866,), (121.631,), (45.8086,), (126.542,)],
[(29.866,), (121.631,), (36.6584,), (117.127,)],
[(29.866,), (121.631,), (24.486,), (118.096,)],
[(29.866,), (121.631,), (31.4974,), (120.319,)],
[(29.866,), (121.631,), (31.8174,), (119.981,)],
[(29.866,), (121.631,), (23.0272,), (113.128,)],
[(29.866,), (121.631,), (22.2812,), (114.179,)],
[(29.866,), (121.631,), (22.1971,), (113.551,)],
[(29.866,), (121.631,), (31.9869,), (120.901,)],
[(29.866,), (121.631,), (36.8198,), (118.062,)],
[(29.866,), (121.631,), (24.8812,), (118.682,)],
[(29.866,), (121.631,), (26.0806,), (119.303,)],
[(29.866,), (121.631,), (26.6524,), (106.635,)],
[(29.866,), (121.631,), (22.8238,), (108.373,)],
[(29.866,), (121.631,), (38.0483,), (114.521,)],
[(29.866,), (121.631,), (39.6369,), (118.187,)],
[(29.866,), (121.631,), (37.8769,), (112.556,)],
[(29.866,), (121.631,), (37.4709,), (121.454,)],
[(29.866,), (121.631,), (37.5191,), (122.127,)],
[(29.866,), (121.631,), (43.8316,), (87.6233,)],
[(29.866,), (121.631,), (40.8481,), (111.755,)],
[(29.866,), (121.631,), (36.0667,), (103.841,)],
[(29.866,), (121.631,), (36.6232,), (101.785,)],
[(29.866,), (121.631,), (38.4779,), (106.265,)],
[(29.866,), (121.631,), (34.21,), (117.29,)],
[(29.866,), (121.631,), (29.6595,), (91.1785,)],
[(29.866,), (121.631,), (28.6887,), (115.865,)],
[(29.866,), (121.631,), (25.2418,), (110.186,)],
[(29.866,), (121.631,), (31.3589,), (118.439,)],
[(29.866,), (121.631,), (20.0521,), (110.207,)],
[(29.866,), (121.631,), (18.2587,), (109.519,)],
[(29.866,), (121.631,), (36.2063,), (117.093,)],
[(29.866,), (121.631,), (29.1228,), (110.486,)],
[(29.866,), (121.631,), (29.2745,), (117.185,)],
[(34.7526,), (113.632,), (39.0911,), (117.208,)],
[(34.7526,), (113.632,), (36.073,), (120.389,)],
[(34.7526,), (113.632,), (43.8228,), (125.33,)],
[(34.7526,), (113.632,), (45.8086,), (126.542,)],
[(34.7526,), (113.632,), (36.6584,), (117.127,)],
[(34.7526,), (113.632,), (24.486,), (118.096,)],
[(34.7526,), (113.632,), (31.4974,), (120.319,)],
[(34.7526,), (113.632,), (31.8174,), (119.981,)],
[(34.7526,), (113.632,), (23.0272,), (113.128,)],
[(34.7526,), (113.632,), (22.2812,), (114.179,)],
[(34.7526,), (113.632,), (22.1971,), (113.551,)],
[(34.7526,), (113.632,), (31.9869,), (120.901,)],
[(34.7526,), (113.632,), (36.8198,), (118.062,)],
[(34.7526,), (113.632,), (24.8812,), (118.682,)],
[(34.7526,), (113.632,), (26.0806,), (119.303,)],
[(34.7526,), (113.632,), (26.6524,), (106.635,)],
[(34.7526,), (113.632,), (22.8238,), (108.373,)],
[(34.7526,), (113.632,), (38.0483,), (114.521,)],
[(34.7526,), (113.632,), (39.6369,), (118.187,)],
[(34.7526,), (113.632,), (37.8769,), (112.556,)],
[(34.7526,), (113.632,), (37.4709,), (121.454,)],
[(34.7526,), (113.632,), (37.5191,), (122.127,)],
[(34.7526,), (113.632,), (43.8316,), (87.6233,)],
[(34.7526,), (113.632,), (40.8481,), (111.755,)],
[(34.7526,), (113.632,), (36.0667,), (103.841,)],
[(34.7526,), (113.632,), (36.6232,), (101.785,)],
[(34.7526,), (113.632,), (38.4779,), (106.265,)],
[(34.7526,), (113.632,), (34.21,), (117.29,)],
[(34.7526,), (113.632,), (29.6595,), (91.1785,)],
[(34.7526,), (113.632,), (28.6887,), (115.865,)],
[(34.7526,), (113.632,), (25.2418,), (110.186,)],
[(34.7526,), (113.632,), (31.3589,), (118.439,)],
[(34.7526,), (113.632,), (20.0521,), (110.207,)],
[(34.7526,), (113.632,), (18.2587,), (109.519,)],
[(34.7526,), (113.632,), (36.2063,), (117.093,)],
[(34.7526,), (113.632,), (29.1228,), (110.486,)],
[(34.7526,), (113.632,), (29.2745,), (117.185,)],
[(39.0911,), (117.208,), (36.073,), (120.389,)],
[(39.0911,), (117.208,), (43.8228,), (125.33,)],
[(39.0911,), (117.208,), (45.8086,), (126.542,)],
[(39.0911,), (117.208,), (36.6584,), (117.127,)],
[(39.0911,), (117.208,), (24.486,), (118.096,)],
[(39.0911,), (117.208,), (31.4974,), (120.319,)],
[(39.0911,), (117.208,), (31.8174,), (119.981,)],
[(39.0911,), (117.208,), (23.0272,), (113.128,)],
[(39.0911,), (117.208,), (22.2812,), (114.179,)],
[(39.0911,), (117.208,), (22.1971,), (113.551,)],
[(39.0911,), (117.208,), (31.9869,), (120.901,)],
[(39.0911,), (117.208,), (36.8198,), (118.062,)],
[(39.0911,), (117.208,), (24.8812,), (118.682,)],
[(39.0911,), (117.208,), (26.0806,), (119.303,)],
[(39.0911,), (117.208,), (26.6524,), (106.635,)],
[(39.0911,), (117.208,), (22.8238,), (108.373,)],
[(39.0911,), (117.208,), (38.0483,), (114.521,)],
[(39.0911,), (117.208,), (39.6369,), (118.187,)],
[(39.0911,), (117.208,), (37.8769,), (112.556,)],
[(39.0911,), (117.208,), (37.4709,), (121.454,)],
[(39.0911,), (117.208,), (37.5191,), (122.127,)],
[(39.0911,), (117.208,), (43.8316,), (87.6233,)],
[(39.0911,), (117.208,), (40.8481,), (111.755,)],
[(39.0911,), (117.208,), (36.0667,), (103.841,)],
[(39.0911,), (117.208,), (36.6232,), (101.785,)],
[(39.0911,), (117.208,), (38.4779,), (106.265,)],
[(39.0911,), (117.208,), (34.21,), (117.29,)],
[(39.0911,), (117.208,), (29.6595,), (91.1785,)],
[(39.0911,), (117.208,), (28.6887,), (115.865,)],
[(39.0911,), (117.208,), (25.2418,), (110.186,)],
[(39.0911,), (117.208,), (31.3589,), (118.439,)],
[(39.0911,), (117.208,), (20.0521,), (110.207,)],
[(39.0911,), (117.208,), (18.2587,), (109.519,)],
[(39.0911,), (117.208,), (36.2063,), (117.093,)],
[(39.0911,), (117.208,), (29.1228,), (110.486,)],
[(39.0911,), (117.208,), (29.2745,), (117.185,)],
[(36.073,), (120.389,), (43.8228,), (125.33,)],
[(36.073,), (120.389,), (45.8086,), (126.542,)],
[(36.073,), (120.389,), (36.6584,), (117.127,)],
[(36.073,), (120.389,), (24.486,), (118.096,)],
[(36.073,), (120.389,), (31.4974,), (120.319,)],
[(36.073,), (120.389,), (31.8174,), (119.981,)],
[(36.073,), (120.389,), (23.0272,), (113.128,)],
[(36.073,), (120.389,), (22.2812,), (114.179,)],
[(36.073,), (120.389,), (22.1971,), (113.551,)],
[(36.073,), (120.389,), (31.9869,), (120.901,)],
[(36.073,), (120.389,), (36.8198,), (118.062,)],
[(36.073,), (120.389,), (24.8812,), (118.682,)],
[(36.073,), (120.389,), (26.0806,), (119.303,)],
[(36.073,), (120.389,), (26.6524,), (106.635,)],
[(36.073,), (120.389,), (22.8238,), (108.373,)],
[(36.073,), (120.389,), (38.0483,), (114.521,)],
[(36.073,), (120.389,), (39.6369,), (118.187,)],
[(36.073,), (120.389,), (37.8769,), (112.556,)],
[(36.073,), (120.389,), (37.4709,), (121.454,)],
[(36.073,), (120.389,), (37.5191,), (122.127,)],
[(36.073,), (120.389,), (43.8316,), (87.6233,)],
[(36.073,), (120.389,), (40.8481,), (111.755,)],
[(36.073,), (120.389,), (36.0667,), (103.841,)],
[(36.073,), (120.389,), (36.6232,), (101.785,)],
[(36.073,), (120.389,), (38.4779,), (106.265,)],
[(36.073,), (120.389,), (34.21,), (117.29,)],
[(36.073,), (120.389,), (29.6595,), (91.1785,)],
[(36.073,), (120.389,), (28.6887,), (115.865,)],
[(36.073,), (120.389,), (25.2418,), (110.186,)],
[(36.073,), (120.389,), (31.3589,), (118.439,)],
[(36.073,), (120.389,), (20.0521,), (110.207,)],
[(36.073,), (120.389,), (18.2587,), (109.519,)],
[(36.073,), (120.389,), (36.2063,), (117.093,)],
[(36.073,), (120.389,), (29.1228,), (110.486,)],
[(36.073,), (120.389,), (29.2745,), (117.185,)],
[(43.8228,), (125.33,), (45.8086,), (126.542,)],
[(43.8228,), (125.33,), (36.6584,), (117.127,)],
[(43.8228,), (125.33,), (24.486,), (118.096,)],
[(43.8228,), (125.33,), (31.4974,), (120.319,)],
[(43.8228,), (125.33,), (31.8174,), (119.981,)],
[(43.8228,), (125.33,), (23.0272,), (113.128,)],
[(43.8228,), (125.33,), (22.2812,), (114.179,)],
[(43.8228,), (125.33,), (22.1971,), (113.551,)],
[(43.8228,), (125.33,), (31.9869,), (120.901,)],
[(43.8228,), (125.33,), (36.8198,), (118.062,)],
[(43.8228,), (125.33,), (24.8812,), (118.682,)],
[(43.8228,), (125.33,), (26.0806,), (119.303,)],
[(43.8228,), (125.33,), (26.6524,), (106.635,)],
[(43.8228,), (125.33,), (22.8238,), (108.373,)],
[(43.8228,), (125.33,), (38.0483,), (114.521,)],
[(43.8228,), (125.33,), (39.6369,), (118.187,)],
[(43.8228,), (125.33,), (37.8769,), (112.556,)],
[(43.8228,), (125.33,), (37.4709,), (121.454,)],
[(43.8228,), (125.33,), (37.5191,), (122.127,)],
[(43.8228,), (125.33,), (43.8316,), (87.6233,)],
[(43.8228,), (125.33,), (40.8481,), (111.755,)],
[(43.8228,), (125.33,), (36.0667,), (103.841,)],
[(43.8228,), (125.33,), (36.6232,), (101.785,)],
[(43.8228,), (125.33,), (38.4779,), (106.265,)],
[(43.8228,), (125.33,), (34.21,), (117.29,)],
[(43.8228,), (125.33,), (29.6595,), (91.1785,)],
[(43.8228,), (125.33,), (28.6887,), (115.865,)],
[(43.8228,), (125.33,), (25.2418,), (110.186,)],
[(43.8228,), (125.33,), (31.3589,), (118.439,)],
[(43.8228,), (125.33,), (20.0521,), (110.207,)],
[(43.8228,), (125.33,), (18.2587,), (109.519,)],
[(43.8228,), (125.33,), (36.2063,), (117.093,)],
[(43.8228,), (125.33,), (29.1228,), (110.486,)],
[(43.8228,), (125.33,), (29.2745,), (117.185,)],
[(45.8086,), (126.542,), (36.6584,), (117.127,)],
[(45.8086,), (126.542,), (24.486,), (118.096,)],
[(45.8086,), (126.542,), (31.4974,), (120.319,)],
[(45.8086,), (126.542,), (31.8174,), (119.981,)],
[(45.8086,), (126.542,), (23.0272,), (113.128,)],
[(45.8086,), (126.542,), (22.2812,), (114.179,)],
[(45.8086,), (126.542,), (22.1971,), (113.551,)],
[(45.8086,), (126.542,), (31.9869,), (120.901,)],
[(45.8086,), (126.542,), (36.8198,), (118.062,)],
[(45.8086,), (126.542,), (24.8812,), (118.682,)],
[(45.8086,), (126.542,), (26.0806,), (119.303,)],
[(45.8086,), (126.542,), (26.6524,), (106.635,)],
[(45.8086,), (126.542,), (22.8238,), (108.373,)],
[(45.8086,), (126.542,), (38.0483,), (114.521,)],
[(45.8086,), (126.542,), (39.6369,), (118.187,)],
[(45.8086,), (126.542,), (37.8769,), (112.556,)],
[(45.8086,), (126.542,), (37.4709,), (121.454,)],
[(45.8086,), (126.542,), (37.5191,), (122.127,)],
[(45.8086,), (126.542,), (43.8316,), (87.6233,)],
[(45.8086,), (126.542,), (40.8481,), (111.755,)],
[(45.8086,), (126.542,), (36.0667,), (103.841,)],
[(45.8086,), (126.542,), (36.6232,), (101.785,)],
[(45.8086,), (126.542,), (38.4779,), (106.265,)],
[(45.8086,), (126.542,), (34.21,), (117.29,)],
[(45.8086,), (126.542,), (29.6595,), (91.1785,)],
[(45.8086,), (126.542,), (28.6887,), (115.865,)],
[(45.8086,), (126.542,), (25.2418,), (110.186,)],
[(45.8086,), (126.542,), (31.3589,), (118.439,)],
[(45.8086,), (126.542,), (20.0521,), (110.207,)],
[(45.8086,), (126.542,), (18.2587,), (109.519,)],
[(45.8086,), (126.542,), (36.2063,), (117.093,)],
[(45.8086,), (126.542,), (29.1228,), (110.486,)],
[(45.8086,), (126.542,), (29.2745,), (117.185,)],
[(36.6584,), (117.127,), (24.486,), (118.096,)],
[(36.6584,), (117.127,), (31.4974,), (120.319,)],
[(36.6584,), (117.127,), (31.8174,), (119.981,)],
[(36.6584,), (117.127,), (23.0272,), (113.128,)],
[(36.6584,), (117.127,), (22.2812,), (114.179,)],
[(36.6584,), (117.127,), (22.1971,), (113.551,)],
[(36.6584,), (117.127,), (31.9869,), (120.901,)],
[(36.6584,), (117.127,), (36.8198,), (118.062,)],
[(36.6584,), (117.127,), (24.8812,), (118.682,)],
[(36.6584,), (117.127,), (26.0806,), (119.303,)],
[(36.6584,), (117.127,), (26.6524,), (106.635,)],
[(36.6584,), (117.127,), (22.8238,), (108.373,)],
[(36.6584,), (117.127,), (38.0483,), (114.521,)],
[(36.6584,), (117.127,), (39.6369,), (118.187,)],
[(36.6584,), (117.127,), (37.8769,), (112.556,)],
[(36.6584,), (117.127,), (37.4709,), (121.454,)],
[(36.6584,), (117.127,), (37.5191,), (122.127,)],
[(36.6584,), (117.127,), (43.8316,), (87.6233,)],
[(36.6584,), (117.127,), (40.8481,), (111.755,)],
[(36.6584,), (117.127,), (36.0667,), (103.841,)],
[(36.6584,), (117.127,), (36.6232,), (101.785,)],
[(36.6584,), (117.127,), (38.4779,), (106.265,)],
[(36.6584,), (117.127,), (34.21,), (117.29,)],
[(36.6584,), (117.127,), (29.6595,), (91.1785,)],
[(36.6584,), (117.127,), (28.6887,), (115.865,)],
[(36.6584,), (117.127,), (25.2418,), (110.186,)],
[(36.6584,), (117.127,), (31.3589,), (118.439,)],
[(36.6584,), (117.127,), (20.0521,), (110.207,)],
[(36.6584,), (117.127,), (18.2587,), (109.519,)],
[(36.6584,), (117.127,), (36.2063,), (117.093,)],
[(36.6584,), (117.127,), (29.1228,), (110.486,)],
[(36.6584,), (117.127,), (29.2745,), (117.185,)],
[(24.486,), (118.096,), (31.4974,), (120.319,)],
[(24.486,), (118.096,), (31.8174,), (119.981,)],
[(24.486,), (118.096,), (23.0272,), (113.128,)],
[(24.486,), (118.096,), (22.2812,), (114.179,)],
[(24.486,), (118.096,), (22.1971,), (113.551,)],
[(24.486,), (118.096,), (31.9869,), (120.901,)],
[(24.486,), (118.096,), (36.8198,), (118.062,)],
[(24.486,), (118.096,), (24.8812,), (118.682,)],
[(24.486,), (118.096,), (26.0806,), (119.303,)],
[(24.486,), (118.096,), (26.6524,), (106.635,)],
[(24.486,), (118.096,), (22.8238,), (108.373,)],
[(24.486,), (118.096,), (38.0483,), (114.521,)],
[(24.486,), (118.096,), (39.6369,), (118.187,)],
[(24.486,), (118.096,), (37.8769,), (112.556,)],
[(24.486,), (118.096,), (37.4709,), (121.454,)],
[(24.486,), (118.096,), (37.5191,), (122.127,)],
[(24.486,), (118.096,), (43.8316,), (87.6233,)],
[(24.486,), (118.096,), (40.8481,), (111.755,)],
[(24.486,), (118.096,), (36.0667,), (103.841,)],
[(24.486,), (118.096,), (36.6232,), (101.785,)],
[(24.486,), (118.096,), (38.4779,), (106.265,)],
[(24.486,), (118.096,), (34.21,), (117.29,)],
[(24.486,), (118.096,), (29.6595,), (91.1785,)],
[(24.486,), (118.096,), (28.6887,), (115.865,)],
[(24.486,), (118.096,), (25.2418,), (110.186,)],
[(24.486,), (118.096,), (31.3589,), (118.439,)],
[(24.486,), (118.096,), (20.0521,), (110.207,)],
[(24.486,), (118.096,), (18.2587,), (109.519,)],
[(24.486,), (118.096,), (36.2063,), (117.093,)],
[(24.486,), (118.096,), (29.1228,), (110.486,)],
[(24.486,), (118.096,), (29.2745,), (117.185,)],
[(31.4974,), (120.319,), (31.8174,), (119.981,)],
[(31.4974,), (120.319,), (23.0272,), (113.128,)],
[(31.4974,), (120.319,), (22.2812,), (114.179,)],
[(31.4974,), (120.319,), (22.1971,), (113.551,)],
[(31.4974,), (120.319,), (31.9869,), (120.901,)],
[(31.4974,), (120.319,), (36.8198,), (118.062,)],
[(31.4974,), (120.319,), (24.8812,), (118.682,)],
[(31.4974,), (120.319,), (26.0806,), (119.303,)],
[(31.4974,), (120.319,), (26.6524,), (106.635,)],
[(31.4974,), (120.319,), (22.8238,), (108.373,)],
[(31.4974,), (120.319,), (38.0483,), (114.521,)],
[(31.4974,), (120.319,), (39.6369,), (118.187,)],
[(31.4974,), (120.319,), (37.8769,), (112.556,)],
[(31.4974,), (120.319,), (37.4709,), (121.454,)],
[(31.4974,), (120.319,), (37.5191,), (122.127,)],
[(31.4974,), (120.319,), (43.8316,), (87.6233,)],
[(31.4974,), (120.319,), (40.8481,), (111.755,)],
[(31.4974,), (120.319,), (36.0667,), (103.841,)],
[(31.4974,), (120.319,), (36.6232,), (101.785,)],
[(31.4974,), (120.319,), (38.4779,), (106.265,)],
[(31.4974,), (120.319,), (34.21,), (117.29,)],
[(31.4974,), (120.319,), (29.6595,), (91.1785,)],
[(31.4974,), (120.319,), (28.6887,), (115.865,)],
[(31.4974,), (120.319,), (25.2418,), (110.186,)],
[(31.4974,), (120.319,), (31.3589,), (118.439,)],
[(31.4974,), (120.319,), (20.0521,), (110.207,)],
[(31.4974,), (120.319,), (18.2587,), (109.519,)],
[(31.4974,), (120.319,), (36.2063,), (117.093,)],
[(31.4974,), (120.319,), (29.1228,), (110.486,)],
[(31.4974,), (120.319,), (29.2745,), (117.185,)],
[(31.8174,), (119.981,), (23.0272,), (113.128,)],
[(31.8174,), (119.981,), (22.2812,), (114.179,)],
[(31.8174,), (119.981,), (22.1971,), (113.551,)],
[(31.8174,), (119.981,), (31.9869,), (120.901,)],
[(31.8174,), (119.981,), (36.8198,), (118.062,)],
[(31.8174,), (119.981,), (24.8812,), (118.682,)],
[(31.8174,), (119.981,), (26.0806,), (119.303,)],
[(31.8174,), (119.981,), (26.6524,), (106.635,)],
[(31.8174,), (119.981,), (22.8238,), (108.373,)],
[(31.8174,), (119.981,), (38.0483,), (114.521,)],
[(31.8174,), (119.981,), (39.6369,), (118.187,)],
[(31.8174,), (119.981,), (37.8769,), (112.556,)],
[(31.8174,), (119.981,), (37.4709,), (121.454,)],
[(31.8174,), (119.981,), (37.5191,), (122.127,)],
[(31.8174,), (119.981,), (43.8316,), (87.6233,)],
[(31.8174,), (119.981,), (40.8481,), (111.755,)],
[(31.8174,), (119.981,), (36.0667,), (103.841,)],
[(31.8174,), (119.981,), (36.6232,), (101.785,)],
[(31.8174,), (119.981,), (38.4779,), (106.265,)],
[(31.8174,), (119.981,), (34.21,), (117.29,)],
[(31.8174,), (119.981,), (29.6595,), (91.1785,)],
[(31.8174,), (119.981,), (28.6887,), (115.865,)],
[(31.8174,), (119.981,), (25.2418,), (110.186,)],
[(31.8174,), (119.981,), (31.3589,), (118.439,)],
[(31.8174,), (119.981,), (20.0521,), (110.207,)],
[(31.8174,), (119.981,), (18.2587,), (109.519,)],
[(31.8174,), (119.981,), (36.2063,), (117.093,)],
[(31.8174,), (119.981,), (29.1228,), (110.486,)],
[(31.8174,), (119.981,), (29.2745,), (117.185,)],
[(23.0272,), (113.128,), (22.2812,), (114.179,)],
[(23.0272,), (113.128,), (22.1971,), (113.551,)],
[(23.0272,), (113.128,), (31.9869,), (120.901,)],
[(23.0272,), (113.128,), (36.8198,), (118.062,)],
[(23.0272,), (113.128,), (24.8812,), (118.682,)],
[(23.0272,), (113.128,), (26.0806,), (119.303,)],
[(23.0272,), (113.128,), (26.6524,), (106.635,)],
[(23.0272,), (113.128,), (22.8238,), (108.373,)],
[(23.0272,), (113.128,), (38.0483,), (114.521,)],
[(23.0272,), (113.128,), (39.6369,), (118.187,)],
[(23.0272,), (113.128,), (37.8769,), (112.556,)],
[(23.0272,), (113.128,), (37.4709,), (121.454,)],
[(23.0272,), (113.128,), (37.5191,), (122.127,)],
[(23.0272,), (113.128,), (43.8316,), (87.6233,)],
[(23.0272,), (113.128,), (40.8481,), (111.755,)],
[(23.0272,), (113.128,), (36.0667,), (103.841,)],
[(23.0272,), (113.128,), (36.6232,), (101.785,)],
[(23.0272,), (113.128,), (38.4779,), (106.265,)],
[(23.0272,), (113.128,), (34.21,), (117.29,)],
[(23.0272,), (113.128,), (29.6595,), (91.1785,)],
[(23.0272,), (113.128,), (28.6887,), (115.865,)],
[(23.0272,), (113.128,), (25.2418,), (110.186,)],
[(23.0272,), (113.128,), (31.3589,), (118.439,)],
[(23.0272,), (113.128,), (20.0521,), (110.207,)],
[(23.0272,), (113.128,), (18.2587,), (109.519,)],
[(23.0272,), (113.128,), (36.2063,), (117.093,)],
[(23.0272,), (113.128,), (29.1228,), (110.486,)],
[(23.0272,), (113.128,), (29.2745,), (117.185,)],
[(22.2812,), (114.179,), (22.1971,), (113.551,)],
[(22.2812,), (114.179,), (31.9869,), (120.901,)],
[(22.2812,), (114.179,), (36.8198,), (118.062,)],
[(22.2812,), (114.179,), (24.8812,), (118.682,)],
[(22.2812,), (114.179,), (26.0806,), (119.303,)],
[(22.2812,), (114.179,), (26.6524,), (106.635,)],
[(22.2812,), (114.179,), (22.8238,), (108.373,)],
[(22.2812,), (114.179,), (38.0483,), (114.521,)],
[(22.2812,), (114.179,), (39.6369,), (118.187,)],
[(22.2812,), (114.179,), (37.8769,), (112.556,)],
[(22.2812,), (114.179,), (37.4709,), (121.454,)],
[(22.2812,), (114.179,), (37.5191,), (122.127,)],
[(22.2812,), (114.179,), (43.8316,), (87.6233,)],
[(22.2812,), (114.179,), (40.8481,), (111.755,)],
[(22.2812,), (114.179,), (36.0667,), (103.841,)],
[(22.2812,), (114.179,), (36.6232,), (101.785,)],
[(22.2812,), (114.179,), (38.4779,), (106.265,)],
[(22.2812,), (114.179,), (34.21,), (117.29,)],
[(22.2812,), (114.179,), (29.6595,), (91.1785,)],
[(22.2812,), (114.179,), (28.6887,), (115.865,)],
[(22.2812,), (114.179,), (25.2418,), (110.186,)],
[(22.2812,), (114.179,), (31.3589,), (118.439,)],
[(22.2812,), (114.179,), (20.0521,), (110.207,)],
[(22.2812,), (114.179,), (18.2587,), (109.519,)],
[(22.2812,), (114.179,), (36.2063,), (117.093,)],
[(22.2812,), (114.179,), (29.1228,), (110.486,)],
[(22.2812,), (114.179,), (29.2745,), (117.185,)],
[(22.1971,), (113.551,), (31.9869,), (120.901,)],
[(22.1971,), (113.551,), (36.8198,), (118.062,)],
[(22.1971,), (113.551,), (24.8812,), (118.682,)],
[(22.1971,), (113.551,), (26.0806,), (119.303,)],
[(22.1971,), (113.551,), (26.6524,), (106.635,)],
[(22.1971,), (113.551,), (22.8238,), (108.373,)],
[(22.1971,), (113.551,), (38.0483,), (114.521,)],
[(22.1971,), (113.551,), (39.6369,), (118.187,)],
[(22.1971,), (113.551,), (37.8769,), (112.556,)],
[(22.1971,), (113.551,), (37.4709,), (121.454,)],
[(22.1971,), (113.551,), (37.5191,), (122.127,)],
[(22.1971,), (113.551,), (43.8316,), (87.6233,)],
[(22.1971,), (113.551,), (40.8481,), (111.755,)],
[(22.1971,), (113.551,), (36.0667,), (103.841,)],
[(22.1971,), (113.551,), (36.6232,), (101.785,)],
[(22.1971,), (113.551,), (38.4779,), (106.265,)],
[(22.1971,), (113.551,), (34.21,), (117.29,)],
[(22.1971,), (113.551,), (29.6595,), (91.1785,)],
[(22.1971,), (113.551,), (28.6887,), (115.865,)],
[(22.1971,), (113.551,), (25.2418,), (110.186,)],
[(22.1971,), (113.551,), (31.3589,), (118.439,)],
[(22.1971,), (113.551,), (20.0521,), (110.207,)],
[(22.1971,), (113.551,), (18.2587,), (109.519,)],
[(22.1971,), (113.551,), (36.2063,), (117.093,)],
[(22.1971,), (113.551,), (29.1228,), (110.486,)],
[(22.1971,), (113.551,), (29.2745,), (117.185,)],
[(31.9869,), (120.901,), (36.8198,), (118.062,)],
[(31.9869,), (120.901,), (24.8812,), (118.682,)],
[(31.9869,), (120.901,), (26.0806,), (119.303,)],
[(31.9869,), (120.901,), (26.6524,), (106.635,)],
[(31.9869,), (120.901,), (22.8238,), (108.373,)],
[(31.9869,), (120.901,), (38.0483,), (114.521,)],
[(31.9869,), (120.901,), (39.6369,), (118.187,)],
[(31.9869,), (120.901,), (37.8769,), (112.556,)],
[(31.9869,), (120.901,), (37.4709,), (121.454,)],
[(31.9869,), (120.901,), (37.5191,), (122.127,)],
[(31.9869,), (120.901,), (43.8316,), (87.6233,)],
[(31.9869,), (120.901,), (40.8481,), (111.755,)],
[(31.9869,), (120.901,), (36.0667,), (103.841,)],
[(31.9869,), (120.901,), (36.6232,), (101.785,)],
[(31.9869,), (120.901,), (38.4779,), (106.265,)],
[(31.9869,), (120.901,), (34.21,), (117.29,)],
[(31.9869,), (120.901,), (29.6595,), (91.1785,)],
[(31.9869,), (120.901,), (28.6887,), (115.865,)],
[(31.9869,), (120.901,), (25.2418,), (110.186,)],
[(31.9869,), (120.901,), (31.3589,), (118.439,)],
[(31.9869,), (120.901,), (20.0521,), (110.207,)],
[(31.9869,), (120.901,), (18.2587,), (109.519,)],
[(31.9869,), (120.901,), (36.2063,), (117.093,)],
[(31.9869,), (120.901,), (29.1228,), (110.486,)],
[(31.9869,), (120.901,), (29.2745,), (117.185,)],
[(36.8198,), (118.062,), (24.8812,), (118.682,)],
[(36.8198,), (118.062,), (26.0806,), (119.303,)],
[(36.8198,), (118.062,), (26.6524,), (106.635,)],
[(36.8198,), (118.062,), (22.8238,), (108.373,)],
[(36.8198,), (118.062,), (38.0483,), (114.521,)],
[(36.8198,), (118.062,), (39.6369,), (118.187,)],
[(36.8198,), (118.062,), (37.8769,), (112.556,)],
[(36.8198,), (118.062,), (37.4709,), (121.454,)],
[(36.8198,), (118.062,), (37.5191,), (122.127,)],
[(36.8198,), (118.062,), (43.8316,), (87.6233,)],
[(36.8198,), (118.062,), (40.8481,), (111.755,)],
[(36.8198,), (118.062,), (36.0667,), (103.841,)],
[(36.8198,), (118.062,), (36.6232,), (101.785,)],
[(36.8198,), (118.062,), (38.4779,), (106.265,)],
[(36.8198,), (118.062,), (34.21,), (117.29,)],
[(36.8198,), (118.062,), (29.6595,), (91.1785,)],
[(36.8198,), (118.062,), (28.6887,), (115.865,)],
[(36.8198,), (118.062,), (25.2418,), (110.186,)],
[(36.8198,), (118.062,), (31.3589,), (118.439,)],
[(36.8198,), (118.062,), (20.0521,), (110.207,)],
[(36.8198,), (118.062,), (18.2587,), (109.519,)],
[(36.8198,), (118.062,), (36.2063,), (117.093,)],
[(36.8198,), (118.062,), (29.1228,), (110.486,)],
[(36.8198,), (118.062,), (29.2745,), (117.185,)],
[(24.8812,), (118.682,), (26.0806,), (119.303,)],
[(24.8812,), (118.682,), (26.6524,), (106.635,)],
[(24.8812,), (118.682,), (22.8238,), (108.373,)],
[(24.8812,), (118.682,), (38.0483,), (114.521,)],
[(24.8812,), (118.682,), (39.6369,), (118.187,)],
[(24.8812,), (118.682,), (37.8769,), (112.556,)],
[(24.8812,), (118.682,), (37.4709,), (121.454,)],
[(24.8812,), (118.682,), (37.5191,), (122.127,)],
[(24.8812,), (118.682,), (43.8316,), (87.6233,)],
[(24.8812,), (118.682,), (40.8481,), (111.755,)],
[(24.8812,), (118.682,), (36.0667,), (103.841,)],
[(24.8812,), (118.682,), (36.6232,), (101.785,)],
[(24.8812,), (118.682,), (38.4779,), (106.265,)],
[(24.8812,), (118.682,), (34.21,), (117.29,)],
[(24.8812,), (118.682,), (29.6595,), (91.1785,)],
[(24.8812,), (118.682,), (28.6887,), (115.865,)],
[(24.8812,), (118.682,), (25.2418,), (110.186,)],
[(24.8812,), (118.682,), (31.3589,), (118.439,)],
[(24.8812,), (118.682,), (20.0521,), (110.207,)],
[(24.8812,), (118.682,), (18.2587,), (109.519,)],
[(24.8812,), (118.682,), (36.2063,), (117.093,)],
[(24.8812,), (118.682,), (29.1228,), (110.486,)],
[(24.8812,), (118.682,), (29.2745,), (117.185,)],
[(26.0806,), (119.303,), (26.6524,), (106.635,)],
[(26.0806,), (119.303,), (22.8238,), (108.373,)],
[(26.0806,), (119.303,), (38.0483,), (114.521,)],
[(26.0806,), (119.303,), (39.6369,), (118.187,)],
[(26.0806,), (119.303,), (37.8769,), (112.556,)],
[(26.0806,), (119.303,), (37.4709,), (121.454,)],
[(26.0806,), (119.303,), (37.5191,), (122.127,)],
[(26.0806,), (119.303,), (43.8316,), (87.6233,)],
[(26.0806,), (119.303,), (40.8481,), (111.755,)],
[(26.0806,), (119.303,), (36.0667,), (103.841,)],
[(26.0806,), (119.303,), (36.6232,), (101.785,)],
[(26.0806,), (119.303,), (38.4779,), (106.265,)],
[(26.0806,), (119.303,), (34.21,), (117.29,)],
[(26.0806,), (119.303,), (29.6595,), (91.1785,)],
[(26.0806,), (119.303,), (28.6887,), (115.865,)],
[(26.0806,), (119.303,), (25.2418,), (110.186,)],
[(26.0806,), (119.303,), (31.3589,), (118.439,)],
[(26.0806,), (119.303,), (20.0521,), (110.207,)],
[(26.0806,), (119.303,), (18.2587,), (109.519,)],
[(26.0806,), (119.303,), (36.2063,), (117.093,)],
[(26.0806,), (119.303,), (29.1228,), (110.486,)],
[(26.0806,), (119.303,), (29.2745,), (117.185,)],
[(26.6524,), (106.635,), (22.8238,), (108.373,)],
[(26.6524,), (106.635,), (38.0483,), (114.521,)],
[(26.6524,), (106.635,), (39.6369,), (118.187,)],
[(26.6524,), (106.635,), (37.8769,), (112.556,)],
[(26.6524,), (106.635,), (37.4709,), (121.454,)],
[(26.6524,), (106.635,), (37.5191,), (122.127,)],
[(26.6524,), (106.635,), (43.8316,), (87.6233,)],
[(26.6524,), (106.635,), (40.8481,), (111.755,)],
[(26.6524,), (106.635,), (36.0667,), (103.841,)],
[(26.6524,), (106.635,), (36.6232,), (101.785,)],
[(26.6524,), (106.635,), (38.4779,), (106.265,)],
[(26.6524,), (106.635,), (34.21,), (117.29,)],
[(26.6524,), (106.635,), (29.6595,), (91.1785,)],
[(26.6524,), (106.635,), (28.6887,), (115.865,)],
[(26.6524,), (106.635,), (25.2418,), (110.186,)],
[(26.6524,), (106.635,), (31.3589,), (118.439,)],
[(26.6524,), (106.635,), (20.0521,), (110.207,)],
[(26.6524,), (106.635,), (18.2587,), (109.519,)],
[(26.6524,), (106.635,), (36.2063,), (117.093,)],
[(26.6524,), (106.635,), (29.1228,), (110.486,)],
[(26.6524,), (106.635,), (29.2745,), (117.185,)],
[(22.8238,), (108.373,), (38.0483,), (114.521,)],
[(22.8238,), (108.373,), (39.6369,), (118.187,)],
[(22.8238,), (108.373,), (37.8769,), (112.556,)],
[(22.8238,), (108.373,), (37.4709,), (121.454,)],
[(22.8238,), (108.373,), (37.5191,), (122.127,)],
[(22.8238,), (108.373,), (43.8316,), (87.6233,)],
[(22.8238,), (108.373,), (40.8481,), (111.755,)],
[(22.8238,), (108.373,), (36.0667,), (103.841,)],
[(22.8238,), (108.373,), (36.6232,), (101.785,)],
[(22.8238,), (108.373,), (38.4779,), (106.265,)],
[(22.8238,), (108.373,), (34.21,), (117.29,)],
[(22.8238,), (108.373,), (29.6595,), (91.1785,)],
[(22.8238,), (108.373,), (28.6887,), (115.865,)],
[(22.8238,), (108.373,), (25.2418,), (110.186,)],
[(22.8238,), (108.373,), (31.3589,), (118.439,)],
[(22.8238,), (108.373,), (20.0521,), (110.207,)],
[(22.8238,), (108.373,), (18.2587,), (109.519,)],
[(22.8238,), (108.373,), (36.2063,), (117.093,)],
[(22.8238,), (108.373,), (29.1228,), (110.486,)],
[(22.8238,), (108.373,), (29.2745,), (117.185,)],
[(38.0483,), (114.521,), (39.6369,), (118.187,)],
[(38.0483,), (114.521,), (37.8769,), (112.556,)],
[(38.0483,), (114.521,), (37.4709,), (121.454,)],
[(38.0483,), (114.521,), (37.5191,), (122.127,)],
[(38.0483,), (114.521,), (43.8316,), (87.6233,)],
[(38.0483,), (114.521,), (40.8481,), (111.755,)],
[(38.0483,), (114.521,), (36.0667,), (103.841,)],
[(38.0483,), (114.521,), (36.6232,), (101.785,)],
[(38.0483,), (114.521,), (38.4779,), (106.265,)],
[(38.0483,), (114.521,), (34.21,), (117.29,)],
[(38.0483,), (114.521,), (29.6595,), (91.1785,)],
[(38.0483,), (114.521,), (28.6887,), (115.865,)],
[(38.0483,), (114.521,), (25.2418,), (110.186,)],
[(38.0483,), (114.521,), (31.3589,), (118.439,)],
[(38.0483,), (114.521,), (20.0521,), (110.207,)],
[(38.0483,), (114.521,), (18.2587,), (109.519,)],
[(38.0483,), (114.521,), (36.2063,), (117.093,)],
[(38.0483,), (114.521,), (29.1228,), (110.486,)],
[(38.0483,), (114.521,), (29.2745,), (117.185,)],
[(39.6369,), (118.187,), (37.8769,), (112.556,)],
[(39.6369,), (118.187,), (37.4709,), (121.454,)],
[(39.6369,), (118.187,), (37.5191,), (122.127,)],
[(39.6369,), (118.187,), (43.8316,), (87.6233,)],
[(39.6369,), (118.187,), (40.8481,), (111.755,)],
[(39.6369,), (118.187,), (36.0667,), (103.841,)],
[(39.6369,), (118.187,), (36.6232,), (101.785,)],
[(39.6369,), (118.187,), (38.4779,), (106.265,)],
[(39.6369,), (118.187,), (34.21,), (117.29,)],
[(39.6369,), (118.187,), (29.6595,), (91.1785,)],
[(39.6369,), (118.187,), (28.6887,), (115.865,)],
[(39.6369,), (118.187,), (25.2418,), (110.186,)],
[(39.6369,), (118.187,), (31.3589,), (118.439,)],
[(39.6369,), (118.187,), (20.0521,), (110.207,)],
[(39.6369,), (118.187,), (18.2587,), (109.519,)],
[(39.6369,), (118.187,), (36.2063,), (117.093,)],
[(39.6369,), (118.187,), (29.1228,), (110.486,)],
[(39.6369,), (118.187,), (29.2745,), (117.185,)],
[(37.8769,), (112.556,), (37.4709,), (121.454,)],
[(37.8769,), (112.556,), (37.5191,), (122.127,)],
[(37.8769,), (112.556,), (43.8316,), (87.6233,)],
[(37.8769,), (112.556,), (40.8481,), (111.755,)],
[(37.8769,), (112.556,), (36.0667,), (103.841,)],
[(37.8769,), (112.556,), (36.6232,), (101.785,)],
[(37.8769,), (112.556,), (38.4779,), (106.265,)],
[(37.8769,), (112.556,), (34.21,), (117.29,)],
[(37.8769,), (112.556,), (29.6595,), (91.1785,)],
[(37.8769,), (112.556,), (28.6887,), (115.865,)],
[(37.8769,), (112.556,), (25.2418,), (110.186,)],
[(37.8769,), (112.556,), (31.3589,), (118.439,)],
[(37.8769,), (112.556,), (20.0521,), (110.207,)],
[(37.8769,), (112.556,), (18.2587,), (109.519,)],
[(37.8769,), (112.556,), (36.2063,), (117.093,)],
[(37.8769,), (112.556,), (29.1228,), (110.486,)],
[(37.8769,), (112.556,), (29.2745,), (117.185,)],
[(37.4709,), (121.454,), (37.5191,), (122.127,)],
[(37.4709,), (121.454,), (43.8316,), (87.6233,)],
[(37.4709,), (121.454,), (40.8481,), (111.755,)],
[(37.4709,), (121.454,), (36.0667,), (103.841,)],
[(37.4709,), (121.454,), (36.6232,), (101.785,)],
[(37.4709,), (121.454,), (38.4779,), (106.265,)],
[(37.4709,), (121.454,), (34.21,), (117.29,)],
[(37.4709,), (121.454,), (29.6595,), (91.1785,)],
[(37.4709,), (121.454,), (28.6887,), (115.865,)],
[(37.4709,), (121.454,), (25.2418,), (110.186,)],
[(37.4709,), (121.454,), (31.3589,), (118.439,)],
[(37.4709,), (121.454,), (20.0521,), (110.207,)],
[(37.4709,), (121.454,), (18.2587,), (109.519,)],
[(37.4709,), (121.454,), (36.2063,), (117.093,)],
[(37.4709,), (121.454,), (29.1228,), (110.486,)],
[(37.4709,), (121.454,), (29.2745,), (117.185,)],
[(37.5191,), (122.127,), (43.8316,), (87.6233,)],
[(37.5191,), (122.127,), (40.8481,), (111.755,)],
[(37.5191,), (122.127,), (36.0667,), (103.841,)],
[(37.5191,), (122.127,), (36.6232,), (101.785,)],
[(37.5191,), (122.127,), (38.4779,), (106.265,)],
[(37.5191,), (122.127,), (34.21,), (117.29,)],
[(37.5191,), (122.127,), (29.6595,), (91.1785,)],
[(37.5191,), (122.127,), (28.6887,), (115.865,)],
[(37.5191,), (122.127,), (25.2418,), (110.186,)],
[(37.5191,), (122.127,), (31.3589,), (118.439,)],
[(37.5191,), (122.127,), (20.0521,), (110.207,)],
[(37.5191,), (122.127,), (18.2587,), (109.519,)],
[(37.5191,), (122.127,), (36.2063,), (117.093,)],
[(37.5191,), (122.127,), (29.1228,), (110.486,)],
[(37.5191,), (122.127,), (29.2745,), (117.185,)],
[(43.8316,), (87.6233,), (40.8481,), (111.755,)],
[(43.8316,), (87.6233,), (36.0667,), (103.841,)],
[(43.8316,), (87.6233,), (36.6232,), (101.785,)],
[(43.8316,), (87.6233,), (38.4779,), (106.265,)],
[(43.8316,), (87.6233,), (34.21,), (117.29,)],
[(43.8316,), (87.6233,), (29.6595,), (91.1785,)],
[(43.8316,), (87.6233,), (28.6887,), (115.865,)],
[(43.8316,), (87.6233,), (25.2418,), (110.186,)],
[(43.8316,), (87.6233,), (31.3589,), (118.439,)],
[(43.8316,), (87.6233,), (20.0521,), (110.207,)],
[(43.8316,), (87.6233,), (18.2587,), (109.519,)],
[(43.8316,), (87.6233,), (36.2063,), (117.093,)],
[(43.8316,), (87.6233,), (29.1228,), (110.486,)],
[(43.8316,), (87.6233,), (29.2745,), (117.185,)],
[(40.8481,), (111.755,), (36.0667,), (103.841,)],
[(40.8481,), (111.755,), (36.6232,), (101.785,)],
[(40.8481,), (111.755,), (38.4779,), (106.265,)],
[(40.8481,), (111.755,), (34.21,), (117.29,)],
[(40.8481,), (111.755,), (29.6595,), (91.1785,)],
[(40.8481,), (111.755,), (28.6887,), (115.865,)],
[(40.8481,), (111.755,), (25.2418,), (110.186,)],
[(40.8481,), (111.755,), (31.3589,), (118.439,)],
[(40.8481,), (111.755,), (20.0521,), (110.207,)],
[(40.8481,), (111.755,), (18.2587,), (109.519,)],
[(40.8481,), (111.755,), (36.2063,), (117.093,)],
[(40.8481,), (111.755,), (29.1228,), (110.486,)],
[(40.8481,), (111.755,), (29.2745,), (117.185,)],
[(36.0667,), (103.841,), (36.6232,), (101.785,)],
[(36.0667,), (103.841,), (38.4779,), (106.265,)],
[(36.0667,), (103.841,), (34.21,), (117.29,)],
[(36.0667,), (103.841,), (29.6595,), (91.1785,)],
[(36.0667,), (103.841,), (28.6887,), (115.865,)],
[(36.0667,), (103.841,), (25.2418,), (110.186,)],
[(36.0667,), (103.841,), (31.3589,), (118.439,)],
[(36.0667,), (103.841,), (20.0521,), (110.207,)],
[(36.0667,), (103.841,), (18.2587,), (109.519,)],
[(36.0667,), (103.841,), (36.2063,), (117.093,)],
[(36.0667,), (103.841,), (29.1228,), (110.486,)],
[(36.0667,), (103.841,), (29.2745,), (117.185,)],
[(36.6232,), (101.785,), (38.4779,), (106.265,)],
[(36.6232,), (101.785,), (34.21,), (117.29,)],
[(36.6232,), (101.785,), (29.6595,), (91.1785,)],
[(36.6232,), (101.785,), (28.6887,), (115.865,)],
[(36.6232,), (101.785,), (25.2418,), (110.186,)],
[(36.6232,), (101.785,), (31.3589,), (118.439,)],
[(36.6232,), (101.785,), (20.0521,), (110.207,)],
[(36.6232,), (101.785,), (18.2587,), (109.519,)],
[(36.6232,), (101.785,), (36.2063,), (117.093,)],
[(36.6232,), (101.785,), (29.1228,), (110.486,)],
[(36.6232,), (101.785,), (29.2745,), (117.185,)],
[(38.4779,), (106.265,), (34.21,), (117.29,)],
[(38.4779,), (106.265,), (29.6595,), (91.1785,)],
[(38.4779,), (106.265,), (28.6887,), (115.865,)],
[(38.4779,), (106.265,), (25.2418,), (110.186,)],
[(38.4779,), (106.265,), (31.3589,), (118.439,)],
[(38.4779,), (106.265,), (20.0521,), (110.207,)],
[(38.4779,), (106.265,), (18.2587,), (109.519,)],
[(38.4779,), (106.265,), (36.2063,), (117.093,)],
[(38.4779,), (106.265,), (29.1228,), (110.486,)],
[(38.4779,), (106.265,), (29.2745,), (117.185,)],
[(34.21,), (117.29,), (29.6595,), (91.1785,)],
[(34.21,), (117.29,), (28.6887,), (115.865,)],
[(34.21,), (117.29,), (25.2418,), (110.186,)],
[(34.21,), (117.29,), (31.3589,), (118.439,)],
[(34.21,), (117.29,), (20.0521,), (110.207,)],
[(34.21,), (117.29,), (18.2587,), (109.519,)],
[(34.21,), (117.29,), (36.2063,), (117.093,)],
[(34.21,), (117.29,), (29.1228,), (110.486,)],
[(34.21,), (117.29,), (29.2745,), (117.185,)],
[(29.6595,), (91.1785,), (28.6887,), (115.865,)],
[(29.6595,), (91.1785,), (25.2418,), (110.186,)],
[(29.6595,), (91.1785,), (31.3589,), (118.439,)],
[(29.6595,), (91.1785,), (20.0521,), (110.207,)],
[(29.6595,), (91.1785,), (18.2587,), (109.519,)],
[(29.6595,), (91.1785,), (36.2063,), (117.093,)],
[(29.6595,), (91.1785,), (29.1228,), (110.486,)],
[(29.6595,), (91.1785,), (29.2745,), (117.185,)],
[(28.6887,), (115.865,), (25.2418,), (110.186,)],
[(28.6887,), (115.865,), (31.3589,), (118.439,)],
[(28.6887,), (115.865,), (20.0521,), (110.207,)],
[(28.6887,), (115.865,), (18.2587,), (109.519,)],
[(28.6887,), (115.865,), (36.2063,), (117.093,)],
[(28.6887,), (115.865,), (29.1228,), (110.486,)],
[(28.6887,), (115.865,), (29.2745,), (117.185,)],
[(25.2418,), (110.186,), (31.3589,), (118.439,)],
[(25.2418,), (110.186,), (20.0521,), (110.207,)],
[(25.2418,), (110.186,), (18.2587,), (109.519,)],
[(25.2418,), (110.186,), (36.2063,), (117.093,)],
[(25.2418,), (110.186,), (29.1228,), (110.486,)],
[(25.2418,), (110.186,), (29.2745,), (117.185,)],
[(31.3589,), (118.439,), (20.0521,), (110.207,)],
[(31.3589,), (118.439,), (18.2587,), (109.519,)],
[(31.3589,), (118.439,), (36.2063,), (117.093,)],
[(31.3589,), (118.439,), (29.1228,), (110.486,)],
[(31.3589,), (118.439,), (29.2745,), (117.185,)],
[(20.0521,), (110.207,), (18.2587,), (109.519,)],
[(20.0521,), (110.207,), (36.2063,), (117.093,)],
[(20.0521,), (110.207,), (29.1228,), (110.486,)],
[(20.0521,), (110.207,), (29.2745,), (117.185,)],
[(18.2587,), (109.519,), (36.2063,), (117.093,)],
[(18.2587,), (109.519,), (29.1228,), (110.486,)],
[(18.2587,), (109.519,), (29.2745,), (117.185,)],
[(36.2063,), (117.093,), (29.1228,), (110.486,)],
[(36.2063,), (117.093,), (29.2745,), (117.185,)],
[(29.1228,), (110.486,), (29.2745,), (117.185,)],
